65, 64, 63, 62, 61, 60, 59, 58, 57, 56, 55, 54, 53, 52, 51, 50, 49, 48, 47, 46, 45, 44, 43, 42, 41, 40, 39, 38, 37, 36, 35, 34, 33, 32, 31, 30, 29, 28, 27, 26, 25, 24, 23, 22, 21, 20, 19, 18, 17, 16, 15, 14, 13, 12, 11, 10, 9, 8, 7, 6, 5, 4, 3, 2, 1, 0, 1, 2, 3, 4, 5, 6, 7, 8, 9, 10, 11, 12, 13, 14, 15, 16, 17, 18, 19, 20, 21, 22, 23, 24, 25, 26, 27, 28, 29, 30, 31, 32, 33, 34, 35, 36, 37, 38, 39, 40, 41, 42, 43, 44, 45, 46, 47, 48, 49, 50, 51, 52, 53, 54, 55, 56, 57, 58, 59, 60, 61, 62, 63, 64, 65
66, 65, 64, 63, 62, 61, 60, 59, 58, 57, 56, 55, 54, 53, 52, 51, 50, 17161, 17161, 47, 46, 45, 44, 43, 42, 41, 40, 39, 17161, 37, 36, 35, 34, 17161, 32, 31, 30, 29, 28, 27, 26, 25, 24, 23, 22, 21, 20, 19, 18, 17, 17161, 17161, 14, 13, 12, 11, 10, 9, 8, 7, 6, 5, 4, 3, 2, 1, 2, 3, 4, 5, 6, 17161, 17161, 17161, 10, 11, 12, 13, 17161, 15, 16, 17, 18, 19, 20, 21, 22, 23, 24, 17161, 26, 27, 28, 17161, 30, 31, 17161, 33, 17161, 35, 36, 17161, 38, 39, 40, 41, 17161, 43, 44, 45, 46, 47, 48, 49, 17161, 17161, 52, 53, 54, 55, 56, 57, 58, 59, 60, 61, 62, 63, 64, 17161, 66
67, 17161, 65, 64, 63, 62, 61, 60, 59, 58, 17161, 56, 55, 54, 53, 52, 51, 50, 49, 48, 47, 17161, 45, 44, 43, 42, 17161, 40, 39, 38, 37, 36, 35, 34, 33, 17161, 31, 30, 29, 28, 27, 26, 25, 24, 23, 22, 21, 20, 19, 18, 17, 16, 15, 14, 13, 12, 11, 10, 9, 8, 7, 6, 5, 4, 3, 2, 3, 4, 5, 6, 7, 8, 9, 10, 11, 17161, 13, 14, 15, 16, 17, 17161, 19, 20, 21, 22, 23, 24, 25, 26, 27, 28, 29, 30, 17161, 32, 33, 17161, 37, 36, 17161, 40, 39, 40, 41, 42, 43, 44, 17161, 46, 47, 17161, 49, 50, 51, 52, 17161, 54, 55, 56, 57, 58, 59, 60, 61, 62, 17161, 64, 65, 66, 67
68, 17161, 66, 65, 64, 63, 62, 61, 60, 59, 58, 57, 56, 55, 54, 53, 52, 51, 50, 17161, 17161, 49, 17161, 45, 44, 43, 42, 41, 40, 39, 38, 37, 36, 35, 34, 17161, 32, 31, 30, 29, 28, 17161, 26, 25, 24, 23, 22, 21, 20, 19, 18, 17, 16, 15, 14, 13, 12, 11, 10, 9, 8, 7, 6, 5, 4, 3, 4, 5, 6, 7, 8, 9, 10, 17161, 12, 13, 14, 15, 16, 17, 18, 19, 17161, 21, 22, 23, 24, 25, 26, 27, 28, 29, 30, 31, 17161, 33, 34, 35, 36, 37, 38, 39, 40, 41, 42, 43, 44, 45, 46, 47, 48, 49, 50, 51, 52, 53, 54, 55, 56, 57, 17161, 59, 60, 61, 62, 63, 64, 65, 66, 67, 68
69, 68, 67, 66, 65, 64, 63, 62, 17161, 60, 59, 58, 17161, 56, 55, 54, 53, 52, 51, 50, 49, 48, 47, 46, 45, 44, 43, 17161, 41, 40, 39, 38, 17161, 36, 17161, 34, 33, 32, 17161, 30, 29, 28, 27, 26, 25, 24, 23, 22, 21, 20, 19, 18, 17, 16, 15, 14, 13, 12, 11, 10, 9, 8, 7, 6, 5, 4, 5, 6, 7, 8, 9, 10, 11, 12, 17161, 14, 15, 16, 17, 18, 19, 20, 21, 22, 23, 24, 25, 17161, 17161, 28, 29, 17161, 31, 32, 33, 17161, 35, 36, 37, 38, 17161, 40, 41, 42, 43, 44, 45, 46, 47, 48, 49, 50, 51, 52, 53, 54, 55, 56, 57, 58, 17161, 60, 61, 62, 63, 64, 65, 66, 67, 68, 69
70, 69, 17161, 67, 66, 17161, 17161, 63, 62, 61, 60, 59, 58, 57, 56, 55, 54, 53, 52, 17161, 50, 17161, 48, 47, 17161, 45, 44, 17161, 17161, 41, 40, 39, 38, 37, 38, 17161, 17161, 33, 32, 31, 30, 29, 28, 27, 26, 17161, 24, 23, 22, 21, 20, 19, 18, 17161, 16, 15, 17161, 13, 12, 11, 10, 9, 8, 7, 17161, 5, 6, 7, 8, 9, 10, 11, 12, 13, 14, 15, 16, 17, 18, 17161, 20, 17161, 22, 23, 17161, 25, 26, 27, 17161, 17161, 30, 31, 32, 33, 34, 35, 36, 37, 38, 39, 40, 41, 42, 43, 44, 45, 46, 47, 48, 49, 50, 51, 52, 53, 54, 17161, 56, 57, 58, 59, 60, 61, 62, 63, 64, 65, 66, 67, 68, 69, 70
71, 70, 71, 17161, 67, 66, 65, 64, 63, 62, 61, 17161, 59, 58, 57, 56, 55, 54, 53, 52, 51, 17161, 49, 17161, 47, 46, 45, 44, 43, 42, 41, 17161, 39, 38, 17161, 36, 35, 34, 33, 32, 31, 30, 17161, 28, 27, 26, 25, 24, 23, 22, 21, 20, 19, 17161, 17, 16, 15, 14, 13, 12, 11, 10, 9, 8, 17161, 6, 7, 8, 9, 10, 11, 12, 13, 14, 15, 16, 17, 18, 19, 20, 21, 17161, 23, 24, 25, 26, 27, 28, 17161, 32, 31, 32, 33, 34, 35, 36, 37, 38, 39, 40, 41, 42, 43, 44, 45, 46, 47, 48, 49, 50, 17161, 52, 53, 54, 55, 56, 57, 58, 17161, 60, 61, 62, 17161, 17161, 65, 66, 67, 17161, 69, 17161, 71
72, 17161, 70, 69, 68, 67, 17161, 65, 64, 63, 62, 61, 60, 59, 58, 57, 17161, 55, 54, 53, 52, 51, 50, 49, 48, 47, 46, 45, 44, 43, 42, 41, 40, 39, 38, 37, 17161, 35, 34, 33, 32, 31, 30, 29, 17161, 27, 26, 25, 24, 23, 22, 17161, 20, 21, 17161, 17, 16, 15, 14, 13, 12, 11, 10, 9, 17161, 7, 8, 17161, 10, 11, 12, 13, 14, 15, 16, 17, 18, 17161, 20, 21, 22, 23, 24, 25, 26, 27, 28, 29, 17161, 33, 32, 17161, 34, 35, 17161, 17161, 38, 39, 40, 17161, 42, 43, 44, 45, 46, 47, 48, 49, 50, 17161, 17161, 53, 54, 55, 56, 57, 58, 59, 60, 61, 17161, 63, 64, 65, 66, 67, 68, 69, 70, 71, 72
73, 72, 71, 70, 69, 17161, 67, 66, 65, 64, 63, 62, 61, 60, 59, 17161, 57, 56, 17161, 54, 53, 52, 51, 50, 49, 17161, 47, 46, 45, 44, 43, 42, 41, 40, 39, 17161, 37, 36, 35, 34, 33, 32, 31, 30, 31, 17161, 27, 26, 25, 24, 23, 24, 17161, 20, 19, 18, 17, 16, 15, 14, 13, 12, 11, 10, 9, 8, 9, 10, 11, 12, 13, 14, 15, 16, 17, 18, 19, 20, 21, 22, 23, 24, 17161, 26, 27, 28, 29, 30, 31, 32, 33, 34, 17161, 36, 37, 38, 39, 40, 41, 42, 43, 44, 45, 46, 47, 48, 49, 50, 51, 52, 53, 54, 55, 17161, 17161, 58, 59, 60, 17161, 62, 63, 17161, 65, 66, 67, 68, 69, 70, 71, 72, 73
74, 73, 17161, 17161, 70, 69, 68, 67, 66, 65, 64, 63, 62, 61, 60, 59, 58, 57, 17161, 55, 54, 53, 52, 51, 50, 49, 48, 47, 46, 45, 44, 43, 42, 17161, 40, 39, 38, 37, 36, 35, 34, 33, 17161, 31, 30, 29, 28, 27, 26, 25, 24, 25, 17161, 21, 20, 19, 18, 17, 16, 15, 14, 13, 12, 11, 10, 9, 10, 11, 12, 13, 14, 15, 16, 17, 18, 19, 20, 21, 22, 23, 24, 25, 26, 17161, 28, 29, 30, 17161, 32, 33, 34, 17161, 38, 37, 38, 39, 40, 17161, 42, 43, 44, 45, 46, 47, 48, 49, 50, 51, 52, 53, 17161, 55, 56, 17161, 17161, 17161, 60, 61, 62, 17161, 64, 65, 17161, 67, 68, 69, 70, 17161, 72, 73, 74
75, 74, 73, 72, 71, 70, 69, 68, 67, 66, 65, 17161, 63, 62, 61, 60, 59, 58, 57, 56, 55, 54, 53, 52, 51, 50, 49, 48, 47, 46, 45, 44, 43, 44, 17161, 40, 39, 38, 37, 17161, 17161, 17161, 33, 32, 17161, 17161, 29, 28, 27, 26, 25, 24, 23, 22, 21, 20, 19, 18, 17, 17161, 15, 17161, 17161, 12, 11, 10, 11, 12, 17161, 17161, 15, 16, 17, 18, 19, 20, 21, 22, 23, 17161, 25, 17161, 27, 28, 29, 30, 31, 32, 33, 34, 17161, 38, 39, 17161, 39, 40, 41, 42, 43, 17161, 45, 46, 47, 48, 49, 50, 51, 52, 53, 54, 55, 56, 57, 58, 59, 60, 61, 62, 63, 64, 65, 66, 67, 68, 69, 70, 71, 72, 73, 74, 75
76, 75, 74, 73, 72, 71, 70, 69, 68, 17161, 66, 67, 17161, 63, 62, 61, 60, 59, 17161, 57, 56, 55, 54, 17161, 52, 17161, 50, 17161, 48, 47, 46, 45, 44, 43, 42, 41, 40, 39, 38, 37, 36, 35, 34, 33, 32, 31, 30, 29, 17161, 27, 17161, 25, 24, 23, 22, 21, 20, 19, 18, 17, 16, 15, 14, 13, 12, 11, 12, 13, 14, 17161, 16, 17, 18, 19, 20, 21, 22, 23, 24, 25, 26, 27, 28, 29, 30, 31, 32, 33, 34, 35, 36, 37, 38, 39, 40, 41, 42, 17161, 44, 45, 46, 47, 17161, 49, 50, 51, 17161, 53, 54, 55, 56, 57, 58, 59, 60, 61, 62, 63, 64, 65, 66, 67, 17161, 17161, 70, 71, 17161, 73, 17161, 75, 76
77, 17161, 75, 74, 73, 72, 17161, 17161, 69, 68, 67, 17161, 17161, 64, 63, 17161, 61, 60, 59, 58, 57, 56, 55, 54, 53, 52, 51, 50, 49, 48, 47, 17161, 17161, 44, 17161, 42, 41, 40, 17161, 38, 37, 36, 35, 34, 33, 32, 17161, 17161, 29, 28, 27, 26, 25, 24, 23, 22, 21, 20, 19, 18, 17, 17161, 15, 14, 17161, 12, 17161, 14, 15, 16, 17, 18, 19, 17161, 21, 22, 23, 24, 25, 26, 27, 17161, 29, 30, 17161, 32, 33, 34, 35, 36, 37, 38, 17161, 40, 17161, 42, 43, 44, 45, 46, 47, 48, 17161, 50, 51, 52, 53, 54, 55, 17161, 57, 58, 59, 60, 61, 17161, 63, 64, 65, 66, 17161, 68, 69, 70, 17161, 72, 73, 74, 75, 76, 77
78, 77, 76, 75, 74, 73, 72, 71, 70, 69, 68, 69, 68, 17161, 64, 63, 62, 61, 60, 59, 58, 57, 56, 17161, 54, 53, 52, 51, 50, 49, 48, 47, 46, 45, 44, 43, 17161, 41, 40, 39, 38, 37, 36, 35, 34, 33, 32, 31, 30, 29, 28, 27, 26, 25, 24, 23, 17161, 21, 20, 19, 18, 17, 16, 15, 14, 13, 14, 15, 16, 17, 18, 19, 20, 17161, 22, 23, 24, 25, 26, 27, 28, 29, 30, 31, 32, 33, 34, 35, 17161, 17161, 38, 39, 40, 41, 42, 17161, 44, 45, 46, 17161, 48, 49, 50, 51, 52, 53, 54, 55, 17161, 59, 58, 59, 60, 17161, 17161, 65, 64, 65, 66, 67, 68, 69, 17161, 71, 72, 17161, 74, 75, 76, 77, 78
79, 17161, 17161, 76, 75, 17161, 73, 72, 71, 70, 69, 17161, 67, 66, 65, 64, 17161, 62, 61, 60, 59, 58, 57, 56, 55, 17161, 17161, 52, 51, 50, 49, 48, 17161, 46, 17161, 44, 43, 42, 41, 40, 39, 38, 37, 36, 35, 34, 33, 17161, 31, 30, 29, 28, 27, 26, 25, 24, 23, 22, 17161, 20, 19, 18, 17, 16, 15, 14, 15, 16, 17, 18, 19, 20, 21, 22, 23, 24, 25, 26, 27, 28, 29, 30, 31, 32, 33, 34, 35, 36, 37, 38, 17161, 17161, 41, 42, 43, 44, 45, 46, 17161, 50, 49, 50, 51, 52, 53, 54, 55, 56, 57, 58, 59, 17161, 61, 62, 17161, 66, 65, 66, 67, 68, 69, 70, 71, 72, 73, 74, 75, 76, 17161, 17161, 79
80, 17161, 78, 77, 76, 75, 74, 17161, 72, 71, 70, 69, 68, 67, 66, 65, 17161, 17161, 62, 61, 60, 59, 58, 57, 56, 55, 54, 53, 52, 51, 50, 17161, 48, 47, 46, 45, 17161, 17161, 42, 41, 40, 17161, 17161, 37, 36, 35, 34, 33, 32, 31, 30, 29, 28, 27, 26, 25, 24, 23, 22, 21, 20, 19, 18, 17, 16, 15, 17161, 17, 18, 17161, 20, 21, 22, 23, 24, 25, 26, 27, 28, 29, 30, 31, 32, 33, 34, 35, 36, 37, 38, 17161, 17161, 43, 42, 43, 17161, 45, 46, 47, 48, 49, 50, 17161, 52, 53, 54, 55, 56, 57, 58, 17161, 60, 61, 62, 63, 64, 65, 66, 67, 68, 17161, 70, 71, 72, 73, 74, 75, 76, 17161, 80, 81, 80
81, 80, 79, 78, 77, 17161, 75, 74, 73, 72, 71, 70, 69, 68, 67, 66, 65, 64, 63, 62, 61, 60, 59, 58, 57, 17161, 55, 54, 53, 17161, 51, 52, 17161, 48, 47, 46, 45, 44, 43, 17161, 41, 40, 39, 38, 17161, 36, 35, 34, 33, 32, 31, 30, 29, 28, 27, 26, 25, 24, 23, 22, 21, 17161, 19, 18, 17, 16, 17161, 18, 19, 17161, 21, 22, 23, 17161, 25, 26, 27, 28, 29, 30, 31, 32, 33, 34, 35, 36, 37, 38, 39, 40, 41, 42, 43, 44, 45, 46, 47, 48, 17161, 50, 51, 52, 17161, 54, 55, 56, 57, 58, 59, 60, 61, 62, 63, 64, 17161, 66, 17161, 68, 69, 70, 71, 72, 73, 74, 75, 76, 77, 78, 79, 80, 81
82, 81, 80, 17161, 78, 77, 76, 75, 74, 17161, 72, 71, 70, 69, 17161, 17161, 66, 65, 64, 63, 62, 17161, 17161, 59, 58, 59, 17161, 55, 17161, 53, 52, 51, 50, 49, 48, 47, 46, 17161, 17161, 43, 42, 41, 17161, 39, 17161, 37, 36, 35, 34, 33, 32, 31, 30, 29, 28, 27, 17161, 17161, 17161, 17161, 22, 21, 20, 17161, 18, 17, 18, 19, 20, 21, 22, 17161, 24, 25, 26, 27, 28, 29, 30, 31, 32, 33, 34, 35, 36, 37, 38, 39, 40, 41, 42, 43, 44, 45, 46, 17161, 48, 49, 50, 51, 52, 53, 54, 55, 56, 17161, 58, 59, 60, 61, 17161, 63, 64, 65, 66, 67, 68, 69, 70, 71, 72, 17161, 74, 17161, 76, 77, 78, 79, 80, 81, 82
83, 82, 81, 80, 79, 78, 77, 17161, 75, 17161, 73, 72, 71, 70, 17161, 68, 67, 66, 65, 64, 17161, 62, 61, 60, 59, 60, 61, 17161, 55, 54, 53, 52, 51, 50, 49, 48, 17161, 48, 47, 17161, 43, 42, 41, 40, 39, 38, 37, 36, 35, 34, 33, 32, 31, 30, 29, 28, 29, 17161, 25, 24, 23, 22, 17161, 20, 19, 18, 17161, 20, 17161, 17161, 23, 24, 25, 26, 27, 28, 29, 30, 31, 32, 33, 34, 35, 36, 37, 38, 39, 40, 41, 17161, 43, 44, 45, 17161, 17161, 50, 49, 50, 51, 17161, 53, 54, 55, 56, 57, 17161, 59, 60, 17161, 62, 17161, 64, 65, 66, 67, 68, 17161, 70, 71, 72, 17161, 17161, 75, 76, 77, 78, 79, 17161, 81, 82, 83
84, 83, 82, 81, 80, 79, 78, 17161, 17161, 75, 74, 17161, 17161, 71, 72, 17161, 68, 67, 66, 65, 66, 17161, 62, 17161, 60, 61, 17161, 57, 56, 55, 54, 53, 52, 51, 50, 17161, 48, 47, 46, 45, 44, 43, 42, 41, 40, 39, 38, 37, 36, 35, 34, 33, 32, 31, 30, 29, 28, 27, 26, 25, 24, 23, 22, 21, 20, 19, 20, 21, 22, 23, 24, 17161, 26, 17161, 28, 29, 30, 17161, 17161, 17161, 17161, 35, 36, 37, 38, 39, 40, 41, 42, 17161, 17161, 45, 17161, 51, 52, 51, 50, 51, 52, 53, 17161, 55, 56, 57, 58, 59, 17161, 17161, 64, 63, 64, 65, 17161, 67, 68, 69, 70, 71, 17161, 73, 17161, 81, 17161, 77, 78, 79, 80, 81, 82, 83, 84
85, 84, 17161, 82, 81, 80, 79, 80, 79, 17161, 75, 74, 73, 72, 73, 74, 17161, 68, 67, 66, 65, 64, 63, 64, 17161, 60, 59, 58, 57, 56, 55, 54, 17161, 52, 51, 50, 49, 48, 47, 17161, 45, 44, 43, 42, 41, 40, 39, 38, 37, 36, 35, 34, 33, 32, 31, 30, 29, 17161, 27, 17161, 17161, 17161, 23, 22, 21, 20, 21, 22, 23, 24, 25, 17161, 27, 28, 17161, 30, 31, 32, 33, 34, 35, 36, 37, 38, 39, 40, 41, 42, 43, 44, 45, 46, 17161, 50, 51, 17161, 17161, 17161, 53, 17161, 57, 56, 57, 58, 17161, 60, 61, 62, 63, 64, 65, 17161, 69, 68, 69, 17161, 71, 72, 73, 17161, 17161, 80, 79, 78, 79, 80, 81, 82, 83, 84, 85
86, 85, 84, 83, 17161, 81, 80, 79, 78, 77, 76, 75, 17161, 73, 74, 75, 17161, 69, 68, 67, 66, 17161, 64, 63, 62, 61, 60, 59, 58, 57, 56, 55, 54, 53, 52, 51, 17161, 49, 48, 47, 46, 45, 44, 43, 42, 41, 40, 39, 38, 37, 36, 35, 34, 33, 32, 17161, 30, 17161, 28, 29, 17161, 25, 24, 17161, 22, 21, 22, 23, 24, 17161, 26, 27, 28, 29, 30, 31, 32, 17161, 34, 35, 36, 37, 38, 39, 40, 41, 42, 43, 44, 45, 46, 47, 48, 49, 17161, 53, 54, 55, 54, 55, 56, 57, 58, 59, 60, 61, 17161, 63, 64, 65, 66, 67, 17161, 69, 70, 71, 72, 73, 74, 75, 17161, 81, 17161, 79, 80, 81, 82, 83, 17161, 85, 86
87, 86, 85, 84, 85, 17161, 81, 17161, 79, 78, 77, 76, 77, 17161, 75, 74, 17161, 17161, 69, 68, 67, 66, 65, 64, 63, 62, 61, 60, 17161, 17161, 57, 17161, 55, 54, 53, 52, 17161, 17161, 49, 48, 47, 46, 45, 44, 43, 42, 41, 40, 39, 38, 37, 17161, 17161, 34, 33, 32, 31, 30, 29, 28, 27, 26, 25, 24, 23, 22, 23, 24, 17161, 28, 27, 28, 29, 30, 31, 32, 33, 34, 35, 36, 17161, 17161, 39, 40, 41, 42, 43, 44, 45, 46, 47, 48, 49, 50, 51, 52, 53, 54, 55, 56, 17161, 58, 59, 60, 61, 17161, 67, 17161, 65, 66, 67, 68, 69, 70, 17161, 72, 73, 74, 75, 17161, 17161, 82, 83, 17161, 81, 82, 83, 84, 85, 17161, 87
88, 87, 86, 85, 17161, 83, 82, 81, 80, 79, 17161, 77, 76, 75, 74, 73, 72, 71, 70, 69, 68, 67, 66, 65, 64, 63, 62, 61, 62, 63, 17161, 57, 56, 55, 17161, 53, 52, 51, 50, 49, 48, 47, 46, 45, 44, 43, 17161, 41, 40, 39, 38, 37, 36, 35, 34, 33, 32, 31, 30, 29, 28, 27, 26, 17161, 24, 23, 24, 25, 26, 27, 17161, 29, 30, 17161, 32, 17161, 34, 35, 36, 37, 38, 39, 40, 17161, 17161, 43, 44, 45, 46, 47, 48, 49, 50, 17161, 52, 53, 54, 55, 56, 57, 17161, 59, 60, 61, 17161, 65, 66, 67, 66, 17161, 17161, 69, 70, 71, 72, 73, 74, 75, 76, 17161, 80, 81, 82, 83, 82, 83, 84, 17161, 86, 87, 88
89, 88, 87, 86, 85, 84, 83, 17161, 81, 17161, 79, 78, 77, 76, 75, 74, 73, 17161, 71, 70, 69, 68, 67, 66, 65, 64, 63, 17161, 63, 62, 61, 17161, 57, 56, 17161, 54, 53, 52, 51, 50, 49, 48, 47, 46, 45, 17161, 17161, 42, 41, 40, 39, 38, 37, 36, 35, 34, 33, 32, 31, 30, 29, 17161, 27, 26, 25, 24, 17161, 26, 27, 28, 29, 30, 31, 32, 33, 34, 35, 17161, 37, 17161, 39, 40, 41, 42, 17161, 44, 45, 46, 47, 48, 49, 50, 51, 52, 17161, 54, 55, 17161, 57, 58, 59, 17161, 61, 62, 63, 64, 65, 66, 67, 68, 69, 70, 71, 72, 73, 74, 17161, 76, 77, 78, 79, 80, 81, 82, 83, 84, 17161, 88, 87, 88, 89
90, 89, 88, 87, 86, 17161, 84, 83, 82, 83, 17161, 79, 78, 77, 76, 75, 74, 73, 72, 71, 70, 69, 68, 67, 66, 65, 64, 63, 62, 61, 60, 59, 58, 57, 56, 55, 54, 53, 52, 51, 50, 49, 48, 47, 46, 45, 44, 43, 17161, 41, 40, 39, 38, 37, 36, 35, 34, 33, 17161, 31, 30, 29, 28, 27, 26, 25, 17161, 17161, 17161, 29, 30, 31, 32, 17161, 34, 35, 36, 37, 38, 39, 40, 41, 42, 43, 44, 45, 46, 47, 48, 49, 50, 51, 52, 53, 54, 55, 56, 57, 58, 59, 60, 61, 62, 63, 17161, 17161, 66, 67, 68, 69, 70, 71, 72, 73, 74, 75, 17161, 77, 17161, 79, 17161, 81, 82, 83, 84, 85, 86, 87, 88, 89, 90
91, 90, 17161, 88, 87, 86, 85, 17161, 17161, 17161, 81, 80, 79, 78, 77, 76, 75, 17161, 73, 72, 71, 70, 69, 68, 67, 66, 65, 64, 63, 17161, 61, 60, 59, 17161, 57, 56, 55, 54, 53, 52, 51, 50, 49, 17161, 47, 46, 45, 44, 43, 42, 17161, 40, 39, 38, 37, 36, 35, 34, 35, 17161, 31, 30, 17161, 28, 27, 26, 27, 28, 17161, 30, 31, 32, 33, 34, 35, 36, 37, 38, 39, 17161, 41, 42, 43, 44, 45, 46, 47, 48, 49, 50, 51, 52, 53, 54, 55, 56, 57, 58, 59, 17161, 61, 62, 17161, 64, 65, 66, 67, 68, 69, 70, 17161, 72, 73, 74, 75, 76, 77, 78, 17161, 80, 17161, 82, 83, 84, 85, 86, 17161, 17161, 89, 90, 91
92, 91, 90, 89, 88, 87, 86, 85, 84, 83, 82, 17161, 80, 79, 78, 77, 17161, 75, 74, 73, 17161, 71, 70, 69, 68, 17161, 66, 65, 64, 63, 62, 61, 60, 61, 17161, 57, 56, 55, 54, 53, 52, 51, 17161, 51, 17161, 17161, 46, 17161, 17161, 43, 42, 41, 40, 39, 38, 37, 36, 35, 34, 33, 32, 31, 30, 29, 28, 27, 17161, 17161, 17161, 31, 17161, 33, 34, 35, 17161, 17161, 38, 39, 40, 41, 17161, 43, 17161, 45, 46, 47, 48, 49, 50, 51, 52, 53, 54, 55, 56, 57, 58, 59, 60, 61, 62, 63, 64, 65, 66, 17161, 68, 69, 70, 17161, 17161, 17161, 74, 75, 76, 77, 78, 79, 80, 81, 82, 83, 84, 17161, 86, 87, 88, 89, 90, 91, 92
93, 92, 91, 90, 89, 88, 87, 86, 85, 84, 83, 17161, 17161, 17161, 17161, 78, 77, 76, 75, 74, 17161, 17161, 71, 17161, 69, 68, 67, 66, 17161, 64, 63, 62, 61, 60, 59, 58, 57, 56, 55, 54, 53, 52, 51, 50, 49, 48, 47, 48, 17161, 17161, 43, 42, 41, 40, 39, 17161, 37, 36, 35, 17161, 33, 32, 17161, 30, 17161, 28, 17161, 34, 33, 32, 33, 34, 35, 36, 37, 38, 39, 40, 41, 17161, 45, 44, 17161, 46, 47, 48, 49, 50, 17161, 52, 53, 54, 55, 56, 57, 58, 59, 60, 17161, 62, 17161, 64, 65, 66, 17161, 17161, 69, 70, 71, 72, 73, 74, 75, 76, 77, 78, 79, 80, 81, 82, 83, 17161, 85, 86, 87, 88, 89, 90, 91, 17161, 93
94, 93, 92, 17161, 90, 89, 88, 87, 86, 85, 84, 17161, 84, 17161, 80, 79, 78, 77, 76, 75, 74, 73, 72, 71, 70, 69, 68, 67, 66, 65, 64, 63, 62, 61, 60, 59, 58, 57, 56, 55, 17161, 53, 17161, 17161, 50, 49, 48, 17161, 48, 17161, 44, 43, 17161, 41, 40, 39, 38, 17161, 36, 35, 34, 33, 32, 31, 30, 29, 17161, 33, 34, 33, 17161, 35, 36, 17161, 38, 39, 17161, 41, 42, 43, 44, 45, 17161, 47, 48, 49, 50, 51, 52, 53, 54, 55, 56, 57, 58, 59, 60, 61, 62, 17161, 66, 65, 66, 67, 68, 69, 70, 71, 72, 73, 74, 75, 76, 77, 17161, 79, 80, 17161, 17161, 17161, 17161, 87, 86, 87, 17161, 89, 90, 91, 92, 93, 94
95, 94, 93, 92, 91, 90, 89, 88, 87, 86, 85, 84, 83, 82, 81, 80, 17161, 17161, 77, 76, 75, 74, 73, 72, 71, 17161, 69, 68, 67, 66, 65, 17161, 63, 62, 61, 60, 59, 58, 57, 56, 55, 54, 55, 17161, 51, 50, 17161, 48, 47, 46, 45, 44, 45, 17161, 17161, 40, 39, 38, 37, 36, 35, 17161, 33, 17161, 31, 30, 31, 32, 33, 34, 35, 17161, 37, 38, 39, 40, 41, 42, 43, 44, 45, 46, 47, 48, 49, 50, 51, 52, 53, 54, 55, 56, 57, 58, 59, 60, 61, 62, 63, 17161, 67, 66, 67, 68, 69, 70, 71, 72, 73, 17161, 75, 76, 77, 78, 79, 80, 81, 82, 83, 84, 85, 86, 17161, 88, 89, 90, 91, 92, 93, 94, 95
96, 95, 94, 93, 92, 91, 17161, 89, 88, 87, 86, 85, 84, 83, 82, 81, 80, 79, 78, 17161, 76, 75, 74, 17161, 72, 71, 70, 69, 68, 67, 66, 65, 64, 63, 62, 61, 60, 59, 58, 57, 56, 17161, 54, 53, 52, 51, 50, 49, 48, 17161, 46, 45, 44, 43, 42, 41, 40, 39, 38, 37, 36, 17161, 34, 33, 32, 31, 32, 33, 34, 17161, 36, 17161, 38, 39, 40, 17161, 42, 43, 17161, 45, 46, 47, 48, 49, 50, 51, 52, 17161, 54, 55, 56, 57, 58, 59, 60, 61, 62, 63, 64, 65, 66, 67, 68, 17161, 70, 71, 72, 73, 74, 17161, 76, 77, 78, 17161, 80, 81, 82, 83, 84, 85, 86, 17161, 90, 89, 90, 91, 92, 93, 94, 95, 96
97, 96, 95, 94, 17161, 92, 91, 90, 89, 17161, 87, 86, 85, 84, 17161, 82, 81, 80, 79, 78, 77, 17161, 75, 76, 17161, 72, 71, 70, 69, 68, 67, 66, 65, 64, 63, 62, 61, 60, 59, 58, 17161, 17161, 55, 54, 53, 17161, 51, 50, 49, 48, 47, 17161, 45, 44, 43, 42, 41, 40, 39, 38, 17161, 36, 35, 34, 33, 32, 33, 34, 35, 36, 37, 17161, 17161, 40, 41, 42, 43, 44, 45, 46, 47, 48, 17161, 17161, 51, 52, 53, 54, 55, 17161, 17161, 58, 59, 60, 61, 62, 63, 64, 65, 66, 67, 68, 17161, 72, 17161, 72, 17161, 74, 17161, 78, 77, 78, 79, 80, 81, 82, 83, 84, 85, 86, 87, 88, 89, 90, 91, 92, 17161, 94, 95, 96, 97
98, 17161, 17161, 95, 94, 93, 92, 91, 90, 89, 88, 87, 86, 85, 84, 83, 82, 81, 80, 79, 17161, 77, 76, 17161, 74, 73, 72, 71, 70, 69, 68, 67, 66, 65, 64, 63, 62, 61, 60, 59, 58, 57, 56, 55, 54, 53, 52, 51, 50, 49, 48, 49, 17161, 17161, 44, 43, 17161, 41, 40, 39, 38, 37, 36, 35, 34, 33, 34, 35, 36, 37, 17161, 17161, 17161, 41, 42, 17161, 44, 45, 46, 47, 48, 49, 50, 51, 52, 17161, 54, 55, 56, 57, 58, 59, 60, 61, 62, 63, 64, 65, 66, 67, 68, 69, 70, 71, 72, 73, 74, 75, 76, 17161, 78, 79, 80, 81, 82, 17161, 84, 85, 86, 87, 88, 89, 90, 91, 92, 93, 94, 95, 96, 97, 98
99, 98, 97, 96, 95, 94, 93, 92, 17161, 90, 89, 88, 87, 86, 85, 84, 83, 82, 81, 80, 79, 78, 17161, 76, 75, 74, 73, 72, 71, 70, 69, 68, 67, 66, 65, 64, 63, 62, 61, 60, 59, 58, 57, 17161, 17161, 54, 17161, 52, 51, 50, 49, 50, 17161, 54, 17161, 44, 43, 42, 41, 40, 17161, 38, 17161, 36, 35, 34, 35, 36, 37, 17161, 41, 42, 43, 42, 43, 44, 45, 17161, 47, 17161, 49, 17161, 51, 52, 53, 17161, 55, 56, 57, 58, 59, 17161, 61, 62, 63, 17161, 65, 66, 67, 68, 69, 70, 71, 72, 73, 74, 75, 76, 77, 17161, 79, 80, 81, 82, 83, 84, 17161, 86, 17161, 17161, 89, 17161, 17161, 92, 93, 17161, 95, 17161, 97, 17161, 99
100, 99, 17161, 97, 96, 17161, 94, 93, 92, 91, 90, 89, 88, 87, 86, 17161, 84, 83, 82, 81, 80, 17161, 78, 77, 17161, 75, 74, 73, 72, 71, 70, 69, 68, 67, 17161, 65, 64, 63, 62, 61, 60, 17161, 58, 17161, 56, 55, 54, 53, 17161, 51, 17161, 51, 52, 53, 17161, 45, 44, 43, 17161, 41, 17161, 39, 38, 37, 36, 35, 36, 37, 38, 39, 40, 17161, 44, 43, 44, 45, 46, 47, 48, 17161, 50, 51, 52, 17161, 54, 55, 56, 57, 58, 59, 60, 17161, 62, 63, 64, 65, 66, 67, 68, 69, 70, 71, 72, 73, 74, 75, 76, 77, 78, 79, 80, 81, 17161, 17161, 84, 85, 86, 87, 88, 89, 90, 91, 92, 93, 94, 95, 17161, 99, 98, 99, 100
101, 100, 99, 98, 97, 98, 17161, 94, 93, 92, 91, 17161, 89, 17161, 87, 86, 85, 84, 83, 82, 81, 80, 79, 78, 77, 76, 75, 74, 73, 72, 71, 70, 69, 68, 67, 66, 65, 64, 63, 17161, 61, 60, 59, 60, 17161, 56, 55, 54, 53, 52, 17161, 52, 53, 17161, 47, 46, 45, 17161, 43, 42, 41, 40, 39, 38, 37, 36, 17161, 38, 39, 17161, 41, 17161, 45, 44, 45, 46, 47, 48, 49, 50, 51, 52, 53, 54, 55, 56, 57, 58, 59, 60, 61, 17161, 63, 17161, 65, 66, 67, 68, 69, 70, 71, 72, 73, 74, 75, 76, 77, 78, 79, 80, 81, 82, 83, 84, 85, 17161, 87, 17161, 17161, 90, 91, 92, 93, 94, 95, 96, 97, 98, 99, 100, 101
102, 101, 100, 99, 98, 97, 96, 95, 94, 93, 92, 91, 90, 91, 17161, 87, 86, 17161, 84, 83, 82, 81, 80, 79, 78, 77, 76, 75, 74, 73, 72, 71, 17161, 69, 68, 67, 17161, 17161, 64, 63, 62, 61, 60, 17161, 60, 17161, 56, 17161, 54, 17161, 54, 53, 17161, 49, 48, 47, 46, 47, 17161, 43, 42, 41, 40, 39, 38, 37, 38, 39, 17161, 17161, 17161, 45, 46, 45, 46, 47, 48, 17161, 50, 51, 52, 53, 54, 55, 56, 57, 58, 59, 60, 61, 17161, 65, 64, 65, 66, 17161, 17161, 69, 70, 71, 72, 73, 74, 75, 76, 77, 78, 79, 80, 81, 17161, 17161, 84, 85, 17161, 89, 88, 17161, 92, 91, 17161, 17161, 94, 95, 96, 97, 98, 99, 100, 17161, 102
103, 102, 101, 100, 99, 17161, 97, 96, 95, 17161, 93, 17161, 91, 90, 89, 88, 87, 88, 17161, 84, 83, 82, 81, 80, 79, 78, 77, 76, 75, 74, 73, 17161, 71, 70, 17161, 68, 17161, 66, 65, 64, 63, 62, 61, 60, 59, 58, 57, 56, 55, 54, 53, 52, 51, 50, 49, 48, 47, 46, 45, 44, 43, 42, 41, 40, 39, 38, 39, 40, 41, 42, 43, 44, 45, 46, 17161, 48, 49, 50, 51, 52, 53, 54, 55, 56, 57, 58, 59, 60, 61, 62, 63, 64, 65, 17161, 67, 68, 17161, 70, 71, 72, 73, 74, 75, 76, 77, 78, 79, 80, 81, 82, 83, 84, 85, 86, 17161, 90, 89, 90, 91, 92, 93, 94, 95, 96, 97, 98, 99, 100, 101, 102, 103
104, 103, 102, 101, 100, 99, 98, 97, 17161, 95, 94, 17161, 92, 91, 17161, 89, 88, 87, 86, 85, 84, 83, 82, 81, 80, 79, 78, 77, 76, 75, 74, 73, 72, 71, 72, 17161, 68, 67, 66, 65, 17161, 63, 17161, 61, 60, 59, 58, 57, 56, 55, 54, 53, 52, 51, 50, 49, 17161, 47, 46, 45, 44, 17161, 42, 41, 40, 39, 40, 41, 42, 43, 44, 45, 17161, 47, 48, 49, 50, 51, 52, 53, 54, 55, 56, 57, 17161, 59, 17161, 61, 62, 63, 17161, 65, 17161, 69, 68, 69, 70, 71, 72, 17161, 74, 75, 76, 77, 78, 79, 80, 81, 82, 83, 84, 85, 86, 87, 17161, 17161, 90, 91, 92, 93, 94, 17161, 17161, 97, 98, 99, 100, 101, 17161, 103, 104
105, 104, 103, 102, 101, 17161, 17161, 98, 97, 96, 95, 94, 93, 92, 91, 90, 17161, 88, 87, 86, 85, 84, 83, 82, 81, 80, 79, 78, 77, 76, 75, 74, 73, 72, 71, 70, 69, 68, 67, 17161, 17161, 17161, 63, 62, 61, 60, 59, 58, 57, 56, 17161, 54, 17161, 17161, 51, 50, 51, 17161, 47, 17161, 45, 46, 17161, 42, 17161, 40, 41, 42, 17161, 44, 45, 46, 47, 48, 49, 50, 51, 52, 53, 54, 55, 56, 57, 58, 17161, 60, 61, 62, 17161, 64, 65, 17161, 69, 70, 69, 17161, 71, 72, 73, 74, 75, 76, 77, 78, 79, 80, 81, 82, 83, 84, 85, 86, 87, 88, 89, 90, 91, 17161, 93, 94, 95, 96, 97, 98, 99, 100, 101, 102, 103, 104, 105
106, 105, 104, 103, 102, 101, 100, 99, 98, 97, 96, 17161, 94, 93, 92, 91, 90, 89, 88, 87, 86, 85, 84, 83, 82, 81, 80, 79, 78, 77, 76, 17161, 74, 17161, 72, 71, 70, 69, 17161, 17161, 17161, 65, 64, 63, 62, 61, 60, 59, 58, 57, 56, 55, 17161, 17161, 52, 51, 52, 53, 17161, 51, 17161, 47, 48, 17161, 42, 41, 42, 43, 44, 45, 46, 47, 48, 49, 50, 51, 52, 53, 17161, 55, 56, 57, 58, 17161, 62, 61, 62, 63, 64, 65, 66, 67, 68, 69, 70, 71, 72, 17161, 74, 75, 76, 77, 78, 79, 80, 81, 82, 83, 84, 85, 86, 87, 17161, 89, 90, 91, 92, 17161, 94, 95, 17161, 97, 98, 99, 100, 101, 102, 103, 104, 105, 106
107, 106, 105, 104, 17161, 102, 101, 100, 17161, 98, 97, 96, 95, 94, 93, 92, 91, 90, 89, 17161, 87, 86, 85, 84, 83, 82, 81, 80, 79, 78, 77, 76, 75, 74, 73, 72, 71, 70, 71, 17161, 67, 66, 65, 64, 63, 62, 61, 60, 59, 58, 57, 56, 55, 54, 53, 52, 53, 54, 17161, 50, 49, 48, 49, 50, 17161, 42, 43, 44, 45, 17161, 47, 48, 49, 50, 17161, 52, 53, 54, 55, 56, 57, 58, 59, 60, 61, 62, 63, 64, 65, 66, 67, 68, 69, 70, 71, 72, 73, 17161, 75, 76, 77, 78, 79, 80, 81, 82, 83, 84, 85, 86, 87, 88, 89, 17161, 91, 92, 93, 94, 95, 17161, 99, 98, 17161, 100, 101, 102, 17161, 104, 105, 106, 107
108, 107, 106, 105, 104, 103, 102, 17161, 100, 99, 98, 97, 17161, 95, 17161, 93, 92, 91, 90, 89, 88, 87, 86, 85, 84, 83, 17161, 81, 80, 79, 78, 17161, 76, 75, 74, 73, 72, 71, 72, 17161, 68, 67, 66, 65, 17161, 17161, 17161, 61, 60, 59, 58, 57, 56, 55, 54, 53, 54, 53, 52, 51, 50, 49, 48, 17161, 44, 43, 44, 45, 46, 47, 48, 49, 50, 51, 52, 53, 54, 55, 56, 17161, 58, 59, 60, 61, 62, 63, 64, 17161, 66, 67, 17161, 69, 70, 71, 72, 73, 74, 75, 17161, 17161, 78, 17161, 80, 81, 82, 83, 84, 85, 86, 87, 88, 89, 17161, 93, 92, 93, 94, 17161, 96, 97, 98, 99, 100, 101, 102, 103, 104, 105, 106, 107, 108
109, 108, 107, 106, 17161, 17161, 103, 102, 101, 17161, 99, 98, 97, 96, 17161, 94, 17161, 92, 91, 90, 89, 88, 87, 86, 85, 84, 85, 17161, 17161, 17161, 79, 78, 77, 76, 75, 74, 73, 72, 71, 70, 69, 68, 67, 66, 67, 68, 69, 17161, 61, 60, 17161, 58, 57, 56, 55, 54, 17161, 17161, 51, 50, 49, 48, 47, 46, 45, 44, 45, 17161, 47, 48, 49, 50, 51, 52, 53, 54, 55, 56, 57, 17161, 59, 60, 61, 17161, 63, 64, 65, 66, 17161, 68, 69, 70, 71, 72, 73, 74, 75, 76, 77, 17161, 79, 80, 81, 82, 17161, 84, 85, 86, 87, 88, 89, 90, 91, 92, 93, 94, 17161, 98, 97, 17161, 17161, 100, 101, 102, 103, 104, 105, 106, 107, 108, 109
110, 109, 108, 107, 106, 105, 104, 103, 102, 17161, 100, 99, 98, 97, 96, 95, 94, 93, 92, 91, 90, 89, 88, 87, 17161, 85, 86, 17161, 17161, 81, 80, 79, 78, 77, 76, 17161, 74, 17161, 72, 71, 70, 69, 68, 67, 68, 69, 68, 17161, 62, 61, 60, 59, 58, 57, 56, 17161, 54, 53, 52, 51, 17161, 49, 48, 47, 17161, 45, 46, 47, 48, 49, 50, 51, 52, 53, 54, 55, 56, 57, 58, 59, 60, 61, 62, 63, 64, 65, 66, 67, 68, 69, 17161, 71, 72, 73, 74, 75, 76, 77, 78, 79, 17161, 81, 82, 17161, 86, 85, 86, 87, 88, 89, 90, 91, 92, 93, 94, 17161, 98, 99, 17161, 101, 102, 101, 102, 103, 104, 105, 106, 107, 108, 109, 110
111, 110, 17161, 108, 107, 106, 105, 104, 103, 102, 101, 100, 99, 98, 97, 96, 95, 94, 93, 92, 91, 90, 89, 88, 87, 86, 87, 17161, 83, 82, 81, 80, 79, 17161, 77, 76, 75, 74, 73, 72, 71, 70, 69, 17161, 69, 68, 67, 66, 17161, 62, 61, 60, 59, 58, 57, 56, 55, 17161, 17161, 52, 51, 50, 49, 48, 17161, 46, 47, 48, 49, 50, 51, 52, 53, 54, 55, 56, 57, 58, 59, 60, 17161, 62, 63, 64, 65, 66, 67, 17161, 69, 70, 71, 17161, 73, 17161, 17161, 76, 77, 17161, 79, 80, 81, 82, 83, 84, 85, 86, 17161, 88, 89, 90, 91, 92, 93, 94, 95, 96, 97, 98, 99, 100, 101, 102, 103, 104, 105, 106, 107, 108, 109, 17161, 111
112, 111, 17161, 109, 108, 107, 106, 17161, 104, 103, 102, 101, 100, 99, 98, 97, 96, 95, 94, 93, 92, 91, 90, 89, 88, 17161, 86, 85, 84, 83, 82, 81, 17161, 79, 78, 77, 17161, 17161, 74, 17161, 72, 71, 70, 69, 68, 67, 66, 65, 64, 63, 62, 61, 60, 59, 17161, 57, 56, 17161, 17161, 53, 52, 51, 17161, 49, 17161, 47, 48, 49, 50, 51, 17161, 53, 54, 55, 56, 57, 58, 59, 60, 17161, 17161, 63, 64, 65, 66, 67, 68, 69, 70, 71, 17161, 17161, 17161, 79, 78, 77, 78, 79, 80, 81, 82, 83, 84, 17161, 86, 87, 88, 89, 90, 91, 92, 93, 94, 95, 96, 97, 98, 99, 100, 101, 102, 103, 104, 105, 106, 107, 108, 109, 110, 17161, 112
113, 112, 111, 110, 17161, 108, 107, 106, 105, 104, 103, 102, 101, 100, 99, 98, 97, 96, 95, 94, 93, 92, 91, 17161, 89, 88, 87, 86, 17161, 84, 83, 17161, 81, 80, 79, 17161, 77, 76, 75, 74, 73, 72, 71, 70, 69, 68, 67, 66, 65, 64, 63, 62, 61, 60, 59, 58, 17161, 58, 17161, 54, 53, 52, 51, 50, 49, 48, 49, 50, 51, 52, 53, 17161, 17161, 56, 57, 17161, 59, 17161, 61, 62, 17161, 64, 65, 66, 67, 17161, 69, 70, 17161, 72, 17161, 76, 77, 78, 79, 78, 79, 17161, 81, 82, 17161, 84, 85, 86, 87, 88, 89, 17161, 91, 92, 93, 94, 95, 96, 97, 98, 99, 100, 101, 102, 103, 104, 105, 17161, 17161, 108, 109, 110, 17161, 114, 113
114, 113, 112, 111, 110, 109, 108, 107, 106, 17161, 104, 103, 102, 101, 100, 99, 98, 97, 96, 95, 17161, 93, 92, 91, 90, 89, 88, 87, 17161, 85, 84, 85, 17161, 17161, 80, 79, 78, 77, 76, 17161, 74, 17161, 72, 71, 70, 69, 68, 67, 66, 65, 64, 63, 62, 61, 60, 59, 17161, 57, 56, 55, 54, 17161, 52, 51, 17161, 49, 17161, 51, 52, 53, 54, 17161, 58, 57, 58, 59, 60, 17161, 17161, 63, 64, 65, 66, 67, 17161, 17161, 70, 71, 72, 73, 74, 75, 76, 77, 78, 79, 80, 17161, 82, 17161, 86, 85, 86, 87, 88, 89, 90, 91, 92, 93, 94, 95, 96, 97, 98, 99, 100, 101, 102, 103, 104, 105, 106, 107, 108, 109, 110, 111, 112, 113, 114
115, 114, 113, 112, 111, 110, 109, 108, 107, 17161, 105, 17161, 103, 102, 101, 100, 99, 98, 97, 96, 97, 17161, 93, 92, 91, 90, 17161, 88, 87, 86, 85, 84, 83, 82, 81, 80, 17161, 78, 17161, 76, 75, 74, 73, 72, 71, 70, 69, 68, 67, 66, 65, 64, 17161, 17161, 61, 17161, 61, 17161, 57, 56, 55, 54, 53, 17161, 51, 50, 51, 17161, 53, 54, 55, 56, 57, 58, 59, 17161, 61, 62, 63, 64, 17161, 66, 67, 68, 69, 17161, 71, 17161, 17161, 74, 75, 76, 77, 78, 17161, 80, 81, 82, 83, 84, 85, 86, 17161, 17161, 89, 17161, 91, 17161, 93, 94, 95, 17161, 97, 98, 99, 100, 101, 102, 103, 104, 105, 106, 107, 17161, 109, 17161, 111, 112, 113, 17161, 115
116, 115, 114, 113, 112, 111, 110, 109, 108, 109, 17161, 105, 104, 103, 102, 101, 100, 99, 98, 97, 96, 95, 94, 93, 17161, 91, 90, 89, 88, 87, 86, 85, 84, 83, 82, 81, 80, 79, 78, 77, 76, 75, 74, 73, 72, 71, 70, 69, 17161, 67, 66, 65, 64, 63, 62, 61, 60, 59, 58, 57, 56, 55, 54, 53, 52, 51, 52, 53, 54, 55, 56, 57, 58, 59, 60, 61, 62, 63, 17161, 17161, 68, 67, 68, 69, 70, 71, 72, 17161, 76, 17161, 76, 77, 78, 17161, 82, 81, 82, 83, 84, 85, 86, 17161, 90, 91, 90, 91, 92, 93, 94, 95, 96, 97, 98, 99, 100, 101, 102, 103, 104, 105, 106, 17161, 108, 109, 17161, 113, 112, 113, 114, 115, 116
117, 17161, 115, 114, 113, 112, 111, 110, 109, 17161, 107, 106, 105, 104, 103, 102, 101, 100, 99, 98, 97, 96, 17161, 94, 17161, 92, 91, 17161, 89, 88, 87, 86, 85, 84, 83, 82, 81, 80, 79, 17161, 77, 76, 75, 74, 73, 72, 71, 70, 69, 68, 67, 66, 65, 64, 17161, 62, 61, 17161, 17161, 58, 57, 56, 55, 54, 53, 52, 53, 54, 55, 56, 57, 58, 59, 60, 17161, 62, 63, 64, 17161, 68, 69, 17161, 69, 70, 71, 72, 73, 74, 75, 76, 77, 78, 79, 80, 81, 82, 83, 84, 85, 86, 87, 88, 89, 90, 91, 92, 93, 94, 17161, 96, 97, 98, 99, 100, 101, 102, 103, 104, 105, 106, 107, 108, 109, 110, 111, 112, 113, 114, 17161, 116, 117
118, 117, 116, 17161, 114, 113, 112, 111, 110, 109, 108, 107, 106, 105, 104, 103, 102, 17161, 100, 99, 98, 17161, 96, 95, 94, 93, 92, 91, 90, 89, 17161, 87, 17161, 85, 84, 17161, 82, 81, 80, 79, 78, 17161, 76, 75, 74, 73, 72, 17161, 17161, 69, 68, 67, 66, 65, 64, 63, 62, 61, 60, 59, 58, 57, 56, 55, 54, 53, 54, 17161, 56, 57, 58, 59, 60, 61, 62, 63, 64, 65, 66, 67, 17161, 71, 70, 71, 72, 73, 74, 75, 76, 77, 78, 79, 80, 81, 82, 17161, 84, 85, 86, 87, 88, 17161, 90, 91, 92, 93, 94, 95, 17161, 97, 98, 99, 100, 101, 102, 103, 104, 105, 106, 107, 108, 109, 110, 17161, 17161, 113, 114, 115, 116, 117, 118
119, 118, 117, 116, 115, 114, 113, 17161, 111, 110, 109, 108, 107, 106, 105, 104, 103, 102, 101, 100, 99, 98, 97, 96, 95, 94, 17161, 92, 91, 90, 89, 88, 89, 17161, 85, 17161, 83, 82, 17161, 80, 79, 78, 77, 76, 75, 74, 73, 72, 71, 70, 69, 17161, 67, 66, 65, 64, 63, 62, 61, 17161, 59, 58, 17161, 56, 55, 54, 55, 56, 57, 58, 59, 60, 17161, 62, 63, 17161, 65, 66, 67, 68, 69, 70, 71, 72, 73, 74, 75, 76, 77, 78, 79, 17161, 81, 82, 83, 84, 85, 86, 87, 88, 89, 90, 91, 92, 93, 94, 17161, 17161, 99, 17161, 99, 17161, 101, 17161, 103, 17161, 105, 106, 107, 108, 109, 110, 111, 112, 113, 114, 115, 116, 117, 17161, 119
120, 119, 118, 17161, 116, 17161, 17161, 113, 112, 111, 110, 109, 108, 107, 106, 105, 104, 103, 17161, 101, 100, 99, 98, 97, 17161, 95, 94, 93, 92, 91, 90, 17161, 88, 87, 86, 17161, 84, 83, 17161, 81, 80, 79, 17161, 77, 76, 75, 74, 73, 72, 71, 70, 17161, 68, 67, 66, 65, 64, 17161, 62, 61, 60, 59, 17161, 57, 56, 55, 56, 57, 17161, 59, 60, 61, 62, 17161, 64, 65, 66, 67, 68, 69, 70, 71, 72, 17161, 74, 75, 76, 77, 78, 79, 80, 81, 82, 83, 17161, 85, 17161, 87, 88, 89, 90, 91, 92, 93, 17161, 95, 96, 97, 98, 99, 17161, 103, 102, 103, 17161, 107, 106, 107, 108, 109, 110, 111, 112, 113, 114, 115, 116, 117, 118, 119, 120
121, 120, 119, 118, 117, 17161, 115, 114, 113, 112, 111, 110, 109, 17161, 107, 17161, 105, 104, 103, 102, 101, 100, 99, 98, 97, 96, 95, 94, 93, 92, 91, 17161, 89, 88, 17161, 17161, 85, 84, 85, 17161, 81, 17161, 17161, 17161, 77, 76, 75, 74, 17161, 72, 71, 70, 69, 68, 67, 66, 65, 64, 63, 62, 61, 60, 59, 58, 57, 56, 17161, 58, 59, 60, 61, 62, 63, 64, 65, 66, 67, 68, 17161, 70, 17161, 72, 73, 17161, 75, 76, 17161, 78, 79, 80, 81, 82, 83, 84, 85, 86, 87, 17161, 89, 90, 17161, 17161, 93, 17161, 17161, 96, 97, 17161, 99, 100, 101, 102, 17161, 104, 105, 106, 17161, 108, 109, 110, 111, 112, 113, 114, 115, 116, 117, 118, 119, 120, 121
122, 17161, 120, 119, 118, 117, 116, 115, 114, 113, 112, 111, 110, 109, 108, 107, 106, 105, 104, 103, 102, 101, 100, 17161, 98, 97, 96, 95, 94, 93, 92, 91, 90, 89, 90, 17161, 17161, 85, 84, 83, 82, 83, 17161, 79, 78, 77, 76, 75, 76, 17161, 72, 71, 70, 69, 68, 67, 66, 65, 64, 63, 17161, 17161, 60, 59, 58, 57, 58, 59, 60, 61, 62, 63, 64, 17161, 66, 67, 68, 69, 70, 71, 72, 73, 17161, 77, 76, 77, 78, 79, 80, 81, 82, 83, 84, 85, 86, 87, 88, 17161, 90, 91, 92, 93, 94, 17161, 17161, 97, 98, 99, 100, 17161, 102, 103, 104, 105, 106, 107, 108, 17161, 110, 111, 112, 113, 114, 115, 116, 117, 118, 17161, 120, 121, 122
123, 122, 121, 17161, 119, 118, 117, 116, 115, 114, 113, 112, 17161, 110, 109, 108, 107, 106, 105, 104, 103, 102, 101, 102, 17161, 98, 97, 96, 95, 94, 93, 92, 91, 90, 89, 88, 87, 86, 85, 84, 83, 82, 81, 80, 79, 78, 77, 76, 75, 74, 73, 72, 71, 70, 69, 68, 67, 66, 65, 64, 63, 62, 61, 60, 59, 58, 59, 17161, 61, 62, 63, 64, 17161, 68, 67, 68, 69, 70, 71, 72, 73, 74, 75, 76, 77, 17161, 79, 80, 81, 82, 83, 84, 85, 86, 17161, 88, 17161, 92, 91, 92, 93, 94, 95, 96, 97, 98, 17161, 100, 17161, 104, 103, 104, 105, 106, 107, 108, 109, 110, 111, 17161, 113, 114, 115, 116, 117, 118, 119, 120, 121, 17161, 123
124, 123, 122, 121, 120, 119, 118, 117, 116, 115, 114, 113, 114, 17161, 17161, 109, 108, 107, 106, 105, 104, 103, 17161, 101, 100, 99, 98, 97, 96, 95, 94, 93, 92, 91, 90, 89, 88, 87, 86, 85, 84, 83, 82, 81, 80, 79, 78, 77, 76, 75, 74, 73, 17161, 71, 70, 69, 68, 17161, 66, 65, 64, 63, 62, 17161, 60, 59, 60, 61, 62, 17161, 64, 65, 66, 67, 68, 69, 70, 17161, 17161, 73, 74, 75, 76, 77, 17161, 81, 80, 81, 82, 83, 17161, 85, 17161, 87, 17161, 89, 90, 91, 92, 93, 94, 95, 96, 97, 98, 99, 100, 101, 102, 103, 104, 105, 106, 17161, 108, 109, 110, 111, 112, 113, 114, 115, 116, 117, 118, 119, 120, 121, 17161, 17161, 124
125, 124, 123, 122, 121, 120, 119, 118, 117, 116, 17161, 114, 113, 112, 111, 110, 109, 108, 17161, 106, 105, 104, 103, 102, 101, 17161, 99, 98, 17161, 96, 17161, 17161, 93, 92, 91, 90, 89, 88, 87, 17161, 85, 84, 83, 82, 81, 80, 79, 78, 77, 17161, 75, 74, 17161, 72, 71, 70, 69, 68, 67, 17161, 65, 17161, 63, 62, 61, 60, 61, 62, 63, 64, 65, 66, 67, 68, 69, 70, 17161, 76, 75, 74, 75, 17161, 77, 78, 79, 80, 81, 82, 83, 84, 17161, 86, 87, 17161, 91, 90, 91, 17161, 93, 94, 17161, 96, 97, 98, 99, 100, 101, 102, 103, 104, 105, 106, 107, 108, 109, 110, 111, 17161, 113, 114, 115, 17161, 117, 118, 119, 120, 121, 122, 123, 124, 125
126, 125, 124, 123, 122, 121, 120, 119, 17161, 17161, 116, 115, 114, 113, 112, 111, 110, 109, 17161, 107, 106, 105, 17161, 103, 102, 101, 100, 99, 17161, 97, 96, 95, 94, 93, 92, 91, 90, 89, 88, 87, 86, 85, 84, 83, 17161, 17161, 80, 79, 78, 77, 76, 75, 74, 73, 72, 71, 17161, 69, 68, 67, 66, 65, 64, 63, 62, 61, 62, 63, 64, 65, 66, 67, 68, 69, 70, 17161, 74, 17161, 76, 75, 76, 77, 17161, 17161, 80, 81, 17161, 83, 84, 85, 86, 17161, 88, 89, 90, 91, 17161, 99, 17161, 95, 96, 97, 98, 99, 100, 101, 102, 17161, 104, 17161, 17161, 107, 108, 109, 110, 111, 112, 17161, 114, 115, 17161, 17161, 118, 119, 120, 121, 122, 123, 124, 125, 126
127, 126, 125, 124, 123, 122, 121, 17161, 17161, 17161, 117, 116, 115, 114, 113, 112, 17161, 110, 109, 108, 17161, 106, 105, 104, 17161, 102, 101, 100, 99, 98, 97, 96, 95, 94, 93, 92, 91, 90, 89, 88, 87, 86, 85, 84, 85, 17161, 81, 80, 79, 78, 77, 76, 75, 17161, 73, 72, 71, 70, 69, 68, 67, 66, 65, 64, 63, 62, 63, 64, 65, 17161, 67, 68, 17161, 70, 71, 72, 73, 74, 75, 17161, 17161, 78, 79, 17161, 81, 82, 83, 84, 85, 86, 87, 88, 89, 90, 91, 17161, 99, 98, 97, 96, 97, 98, 99, 100, 101, 102, 103, 104, 105, 17161, 109, 108, 109, 110, 111, 112, 113, 114, 115, 116, 117, 118, 119, 120, 121, 122, 123, 124, 125, 126, 127
128, 127, 126, 125, 124, 123, 122, 123, 122, 17161, 118, 117, 116, 115, 114, 113, 112, 111, 110, 109, 108, 107, 106, 105, 104, 103, 17161, 101, 100, 99, 98, 97, 96, 17161, 94, 93, 92, 91, 90, 89, 88, 87, 86, 85, 84, 83, 82, 81, 80, 79, 17161, 17161, 17161, 17161, 74, 73, 17161, 71, 70, 69, 17161, 67, 66, 65, 17161, 63, 64, 65, 66, 67, 17161, 69, 70, 71, 72, 73, 74, 75, 76, 77, 78, 79, 80, 81, 82, 83, 84, 85, 86, 87, 17161, 89, 17161, 91, 92, 93, 17161, 97, 98, 97, 98, 99, 100, 101, 102, 103, 104, 105, 106, 107, 108, 109, 110, 111, 112, 113, 114, 115, 116, 117, 118, 119, 120, 121, 122, 123, 124, 125, 126, 127, 128
129, 128, 127, 126, 125, 124, 123, 122, 121, 120, 119, 118, 17161, 116, 115, 114, 113, 17161, 111, 110, 109, 108, 107, 106, 105, 104, 103, 102, 101, 100, 99, 98, 97, 17161, 95, 17161, 93, 92, 17161, 90, 89, 88, 87, 86, 85, 84, 17161, 82, 81, 80, 79, 78, 77, 76, 75, 74, 75, 17161, 71, 70, 69, 68, 67, 66, 17161, 64, 17161, 17161, 67, 68, 69, 70, 17161, 72, 73, 74, 75, 76, 77, 78, 17161, 80, 17161, 82, 83, 84, 85, 86, 87, 88, 89, 90, 91, 17161, 93, 94, 95, 96, 97, 98, 99, 100, 17161, 102, 103, 104, 105, 17161, 17161, 108, 109, 110, 111, 112, 17161, 114, 115, 17161, 117, 118, 119, 120, 121, 122, 123, 124, 125, 126, 127, 128, 129
130, 129, 128, 127, 126, 125, 124, 123, 122, 121, 120, 119, 118, 117, 116, 115, 114, 113, 112, 111, 110, 109, 108, 107, 106, 105, 104, 103, 102, 101, 100, 99, 98, 97, 96, 95, 94, 93, 92, 91, 90, 89, 88, 87, 86, 85, 84, 83, 82, 81, 80, 79, 78, 77, 76, 75, 74, 73, 72, 71, 70, 69, 68, 67, 66, 65, 66, 67, 68, 69, 70, 71, 72, 73, 74, 75, 76, 77, 78, 79, 80, 81, 82, 83, 84, 85, 86, 87, 88, 89, 90, 91, 92, 93, 94, 95, 96, 97, 98, 99, 100, 101, 102, 103, 104, 105, 106, 107, 108, 109, 110, 111, 112, 113, 114, 115, 116, 117, 118, 119, 120, 121, 122, 123, 124, 125, 126, 127, 128, 129, 130
131, 130, 129, 128, 127, 126, 125, 124, 123, 122, 121, 120, 119, 118, 117, 116, 17161, 114, 17161, 112, 111, 110, 109, 108, 17161, 106, 105, 104, 103, 102, 101, 17161, 99, 17161, 17161, 96, 17161, 94, 93, 92, 91, 90, 89, 17161, 87, 86, 85, 84, 83, 82, 81, 80, 79, 78, 77, 17161, 75, 74, 73, 72, 17161, 70, 69, 68, 67, 66, 67, 68, 69, 17161, 71, 72, 73, 74, 17161, 76, 77, 78, 79, 80, 81, 82, 17161, 84, 85, 86, 87, 17161, 17161, 90, 91, 92, 93, 94, 95, 96, 97, 98, 99, 100, 101, 102, 103, 104, 105, 106, 107, 17161, 109, 110, 111, 112, 113, 17161, 115, 116, 117, 118, 119, 120, 121, 17161, 17161, 124, 125, 126, 127, 128, 129, 130, 131
132, 131, 130, 129, 128, 127, 17161, 125, 124, 17161, 122, 121, 120, 119, 118, 117, 116, 115, 17161, 17161, 112, 17161, 110, 17161, 108, 107, 17161, 105, 104, 103, 102, 101, 100, 99, 98, 97, 17161, 95, 94, 93, 92, 91, 90, 17161, 88, 87, 86, 85, 17161, 83, 17161, 81, 80, 79, 78, 79, 17161, 17161, 74, 73, 72, 71, 70, 17161, 68, 67, 68, 69, 70, 71, 72, 17161, 74, 75, 76, 77, 78, 79, 80, 81, 82, 17161, 86, 17161, 86, 87, 88, 17161, 92, 91, 92, 93, 94, 95, 96, 97, 98, 99, 100, 101, 102, 103, 104, 105, 106, 107, 17161, 111, 110, 111, 112, 17161, 17161, 117, 116, 117, 118, 119, 120, 121, 122, 123, 124, 17161, 126, 127, 128, 129, 130, 131, 132
133, 132, 131, 130, 129, 128, 127, 126, 125, 124, 123, 17161, 121, 120, 119, 118, 117, 116, 115, 114, 113, 112, 111, 112, 17161, 108, 107, 106, 105, 104, 103, 102, 17161, 100, 99, 98, 97, 96, 95, 94, 93, 92, 91, 90, 89, 88, 17161, 86, 17161, 84, 17161, 82, 81, 80, 79, 78, 77, 76, 75, 74, 73, 72, 17161, 70, 69, 68, 69, 70, 71, 72, 73, 17161, 75, 76, 17161, 78, 79, 80, 81, 82, 83, 84, 85, 86, 87, 88, 17161, 94, 93, 17161, 93, 17161, 95, 96, 97, 98, 99, 100, 17161, 102, 17161, 104, 105, 106, 107, 108, 17161, 112, 111, 112, 113, 114, 115, 116, 117, 118, 119, 120, 121, 122, 123, 124, 125, 126, 127, 128, 129, 130, 131, 132, 133
134, 133, 132, 131, 130, 129, 128, 127, 126, 125, 124, 123, 122, 121, 120, 119, 118, 17161, 116, 115, 114, 113, 112, 17161, 110, 109, 17161, 17161, 106, 105, 17161, 103, 102, 101, 100, 99, 98, 97, 96, 95, 94, 93, 92, 91, 90, 89, 88, 87, 86, 85, 84, 83, 82, 81, 80, 17161, 78, 77, 76, 75, 74, 73, 72, 71, 70, 69, 70, 71, 72, 73, 74, 75, 76, 77, 78, 79, 17161, 81, 82, 17161, 84, 85, 17161, 87, 88, 89, 17161, 93, 94, 95, 94, 95, 96, 17161, 98, 99, 100, 101, 102, 103, 104, 105, 106, 107, 108, 109, 17161, 113, 112, 113, 114, 115, 116, 117, 118, 17161, 120, 121, 122, 123, 17161, 125, 126, 127, 128, 129, 130, 131, 132, 133, 134
135, 134, 133, 132, 131, 130, 129, 128, 127, 126, 125, 17161, 123, 122, 121, 17161, 119, 120, 17161, 116, 115, 114, 113, 112, 111, 110, 109, 108, 107, 106, 105, 104, 103, 102, 101, 100, 99, 98, 97, 17161, 95, 94, 93, 92, 91, 90, 17161, 88, 87, 86, 85, 84, 83, 82, 17161, 80, 79, 78, 77, 76, 75, 74, 73, 17161, 71, 70, 17161, 72, 17161, 74, 17161, 76, 77, 78, 79, 80, 81, 17161, 83, 84, 85, 86, 87, 88, 17161, 90, 91, 92, 93, 94, 95, 96, 97, 98, 99, 100, 101, 102, 103, 104, 105, 106, 107, 108, 109, 110, 17161, 114, 113, 114, 115, 116, 117, 118, 17161, 122, 121, 122, 123, 124, 125, 17161, 127, 128, 129, 130, 131, 132, 133, 134, 135
136, 135, 134, 133, 132, 131, 130, 129, 128, 127, 126, 125, 124, 17161, 122, 121, 120, 121, 17161, 117, 116, 115, 17161, 113, 112, 111, 110, 109, 108, 107, 106, 105, 104, 103, 102, 101, 100, 99, 98, 97, 96, 95, 17161, 93, 17161, 91, 90, 89, 88, 17161, 86, 85, 84, 83, 17161, 81, 80, 79, 17161, 77, 76, 75, 74, 73, 72, 71, 72, 73, 74, 75, 76, 17161, 78, 79, 80, 81, 17161, 85, 84, 85, 86, 87, 88, 89, 90, 91, 92, 93, 94, 17161, 17161, 97, 98, 99, 100, 101, 102, 103, 104, 105, 106, 107, 108, 109, 110, 111, 112, 113, 114, 115, 17161, 117, 118, 119, 120, 121, 122, 123, 17161, 125, 126, 127, 128, 129, 130, 131, 132, 133, 134, 135, 136
137, 136, 135, 134, 133, 132, 131, 130, 129, 128, 127, 126, 125, 124, 123, 122, 17161, 120, 119, 118, 117, 17161, 115, 114, 17161, 17161, 17161, 110, 109, 108, 107, 106, 17161, 17161, 103, 102, 101, 100, 17161, 98, 97, 96, 95, 94, 93, 92, 91, 17161, 89, 88, 87, 86, 85, 84, 83, 82, 81, 80, 79, 78, 77, 76, 75, 74, 73, 72, 17161, 74, 75, 76, 77, 78, 17161, 17161, 81, 82, 83, 84, 85, 86, 87, 17161, 89, 90, 91, 92, 93, 94, 95, 96, 97, 17161, 99, 100, 17161, 102, 103, 104, 105, 106, 107, 108, 17161, 110, 111, 112, 113, 114, 115, 17161, 119, 118, 119, 120, 121, 122, 123, 17161, 127, 17161, 127, 128, 129, 130, 131, 132, 133, 134, 135, 136, 137
138, 137, 136, 17161, 134, 133, 132, 131, 130, 129, 128, 127, 126, 125, 124, 123, 124, 17161, 120, 119, 17161, 117, 116, 115, 114, 113, 112, 111, 110, 17161, 108, 107, 106, 105, 104, 103, 102, 101, 100, 99, 98, 97, 96, 95, 94, 93, 17161, 91, 90, 89, 17161, 87, 17161, 85, 17161, 83, 82, 81, 80, 79, 17161, 77, 17161, 75, 17161, 73, 17161, 75, 76, 17161, 17161, 79, 80, 81, 82, 83, 84, 85, 17161, 87, 17161, 91, 90, 91, 92, 93, 94, 95, 96, 97, 98, 99, 100, 101, 102, 103, 104, 105, 106, 17161, 108, 109, 110, 111, 112, 113, 114, 17161, 116, 117, 118, 119, 120, 121, 122, 123, 124, 125, 126, 127, 128, 129, 130, 131, 132, 133, 134, 135, 136, 137, 138
139, 138, 17161, 136, 135, 134, 133, 132, 131, 130, 129, 128, 127, 126, 17161, 17161, 125, 124, 17161, 120, 119, 118, 117, 17161, 115, 114, 113, 112, 111, 17161, 109, 17161, 107, 106, 105, 104, 103, 102, 101, 100, 99, 98, 97, 96, 95, 17161, 93, 92, 91, 90, 17161, 88, 87, 86, 85, 84, 83, 82, 81, 80, 79, 78, 77, 76, 75, 74, 75, 76, 77, 78, 79, 80, 81, 82, 83, 84, 85, 86, 87, 88, 89, 90, 91, 92, 93, 94, 95, 96, 97, 98, 99, 100, 101, 17161, 103, 104, 17161, 106, 107, 108, 109, 110, 111, 112, 113, 114, 115, 17161, 117, 17161, 119, 120, 17161, 122, 123, 124, 125, 126, 127, 128, 129, 130, 131, 132, 133, 134, 135, 136, 137, 138, 139
140, 139, 17161, 137, 136, 135, 134, 133, 132, 131, 130, 129, 128, 127, 126, 125, 124, 123, 122, 121, 17161, 119, 118, 117, 116, 115, 114, 113, 112, 111, 110, 109, 108, 107, 106, 105, 104, 103, 102, 101, 100, 99, 98, 17161, 96, 95, 94, 93, 92, 91, 90, 89, 88, 87, 86, 85, 84, 83, 82, 81, 80, 17161, 78, 77, 17161, 75, 76, 77, 78, 79, 17161, 81, 82, 83, 84, 85, 86, 87, 88, 89, 90, 91, 92, 17161, 94, 95, 17161, 97, 98, 99, 17161, 17161, 102, 17161, 104, 105, 106, 107, 108, 109, 110, 111, 112, 17161, 114, 115, 17161, 119, 17161, 121, 17161, 121, 122, 123, 124, 125, 126, 127, 128, 129, 130, 131, 132, 133, 134, 135, 136, 137, 17161, 139, 140
141, 140, 139, 138, 137, 136, 135, 134, 133, 132, 131, 130, 129, 128, 127, 17161, 125, 124, 123, 122, 121, 120, 119, 118, 117, 116, 115, 17161, 113, 112, 17161, 110, 109, 108, 107, 17161, 105, 104, 17161, 102, 17161, 100, 99, 98, 97, 96, 95, 17161, 93, 92, 91, 90, 89, 88, 87, 86, 85, 84, 17161, 17161, 81, 82, 17161, 78, 77, 76, 17161, 78, 17161, 80, 81, 82, 17161, 17161, 85, 86, 87, 17161, 17161, 90, 91, 92, 93, 94, 17161, 96, 97, 98, 17161, 100, 101, 102, 17161, 106, 105, 106, 107, 108, 109, 110, 111, 17161, 113, 17161, 115, 116, 117, 118, 119, 120, 121, 122, 123, 124, 125, 17161, 127, 128, 129, 130, 131, 132, 133, 134, 135, 136, 17161, 138, 17161, 140, 141
142, 141, 140, 139, 138, 137, 17161, 135, 134, 133, 132, 131, 130, 129, 128, 127, 126, 125, 124, 123, 122, 121, 120, 17161, 118, 17161, 116, 115, 114, 113, 114, 17161, 110, 109, 108, 107, 106, 105, 104, 103, 102, 101, 100, 99, 98, 97, 96, 95, 94, 17161, 92, 91, 17161, 89, 88, 17161, 86, 85, 84, 83, 82, 81, 80, 79, 78, 77, 78, 79, 80, 81, 17161, 83, 84, 85, 86, 87, 88, 89, 90, 17161, 92, 93, 94, 95, 96, 97, 98, 99, 100, 101, 102, 103, 104, 105, 17161, 107, 17161, 109, 110, 17161, 112, 113, 114, 115, 116, 117, 118, 119, 120, 121, 122, 123, 124, 125, 126, 127, 128, 129, 130, 131, 132, 133, 134, 135, 136, 137, 138, 139, 140, 141, 142
143, 142, 141, 140, 139, 138, 137, 136, 135, 134, 133, 132, 131, 130, 129, 128, 127, 126, 17161, 124, 123, 122, 121, 122, 17161, 17161, 17161, 116, 115, 114, 113, 112, 111, 110, 109, 108, 107, 106, 105, 104, 103, 102, 101, 100, 99, 98, 97, 96, 95, 94, 93, 92, 91, 90, 89, 88, 87, 86, 85, 84, 83, 82, 81, 17161, 17161, 78, 79, 80, 81, 82, 83, 84, 85, 86, 87, 88, 89, 90, 91, 17161, 93, 94, 95, 17161, 97, 98, 99, 100, 101, 102, 103, 17161, 105, 106, 107, 108, 109, 110, 111, 112, 113, 114, 115, 116, 117, 118, 119, 120, 17161, 122, 123, 124, 125, 126, 127, 128, 129, 130, 131, 132, 133, 134, 135, 136, 137, 138, 139, 140, 17161, 142, 143
144, 17161, 142, 141, 140, 17161, 138, 137, 17161, 135, 134, 133, 132, 131, 130, 129, 128, 127, 126, 125, 124, 123, 17161, 17161, 124, 17161, 17161, 17161, 116, 115, 17161, 113, 112, 17161, 110, 109, 17161, 107, 17161, 105, 104, 103, 102, 101, 17161, 99, 98, 97, 96, 95, 94, 93, 17161, 17161, 17161, 89, 88, 87, 17161, 85, 84, 83, 82, 81, 80, 79, 80, 81, 82, 83, 84, 85, 86, 87, 88, 89, 90, 91, 92, 93, 94, 95, 96, 97, 98, 99, 17161, 101, 102, 103, 17161, 107, 106, 107, 108, 109, 110, 17161, 112, 113, 114, 115, 116, 117, 118, 119, 17161, 121, 122, 17161, 124, 125, 126, 127, 128, 129, 130, 131, 132, 133, 134, 135, 17161, 137, 138, 139, 140, 17161, 144, 143, 144
145, 144, 143, 142, 141, 142, 17161, 138, 137, 136, 135, 134, 133, 132, 131, 130, 129, 128, 127, 17161, 125, 124, 125, 17161, 123, 17161, 121, 120, 17161, 116, 17161, 114, 113, 17161, 17161, 110, 109, 108, 107, 106, 105, 104, 103, 102, 103, 17161, 99, 98, 97, 96, 17161, 94, 93, 92, 91, 90, 89, 88, 87, 86, 85, 84, 83, 82, 81, 80, 81, 82, 83, 17161, 85, 86, 87, 88, 89, 90, 91, 92, 93, 94, 95, 96, 97, 17161, 99, 17161, 103, 102, 17161, 17161, 107, 108, 107, 108, 109, 110, 111, 112, 113, 114, 115, 116, 117, 118, 119, 120, 121, 122, 123, 124, 125, 126, 127, 128, 129, 130, 131, 132, 133, 134, 135, 136, 137, 138, 139, 140, 141, 142, 143, 144, 145
146, 145, 144, 143, 142, 141, 140, 139, 138, 137, 136, 17161, 134, 133, 132, 131, 130, 129, 128, 127, 126, 125, 126, 17161, 122, 121, 120, 119, 118, 117, 118, 17161, 114, 113, 112, 111, 110, 109, 17161, 107, 106, 105, 104, 103, 104, 103, 17161, 99, 98, 97, 96, 95, 94, 93, 92, 91, 90, 17161, 88, 87, 17161, 17161, 84, 83, 82, 81, 82, 83, 84, 17161, 86, 87, 88, 89, 90, 91, 92, 93, 17161, 95, 96, 97, 98, 99, 100, 101, 102, 103, 104, 105, 106, 107, 17161, 17161, 110, 111, 112, 113, 17161, 17161, 116, 117, 118, 119, 120, 17161, 122, 123, 124, 125, 126, 127, 128, 129, 130, 131, 132, 133, 134, 135, 136, 137, 138, 139, 140, 141, 142, 143, 144, 145, 146
147, 146, 145, 144, 143, 142, 141, 140, 139, 138, 137, 136, 135, 134, 133, 132, 131, 130, 129, 128, 127, 126, 17161, 124, 123, 122, 121, 120, 17161, 118, 17161, 118, 17161, 114, 113, 112, 111, 17161, 17161, 108, 107, 106, 105, 104, 103, 102, 101, 100, 99, 17161, 17161, 96, 95, 94, 93, 92, 91, 90, 89, 88, 87, 86, 85, 84, 83, 82, 83, 84, 85, 86, 87, 88, 89, 90, 91, 17161, 93, 94, 95, 96, 17161, 98, 99, 100, 101, 102, 103, 104, 105, 106, 17161, 17161, 117, 118, 17161, 17161, 113, 114, 115, 116, 117, 118, 119, 120, 121, 122, 123, 124, 125, 17161, 127, 128, 129, 130, 131, 132, 133, 134, 135, 136, 137, 138, 139, 140, 141, 142, 143, 144, 145, 146, 147
148, 147, 146, 145, 144, 143, 142, 141, 140, 17161, 138, 137, 136, 17161, 134, 133, 132, 131, 130, 129, 128, 127, 17161, 125, 124, 123, 17161, 121, 120, 119, 118, 117, 116, 115, 114, 113, 112, 111, 110, 109, 108, 107, 106, 105, 104, 103, 102, 101, 17161, 99, 98, 97, 96, 95, 17161, 93, 92, 91, 90, 89, 88, 87, 86, 17161, 84, 83, 84, 85, 86, 87, 88, 89, 90, 91, 92, 93, 94, 17161, 17161, 97, 98, 99, 100, 101, 102, 103, 104, 17161, 106, 17161, 114, 17161, 116, 117, 116, 115, 114, 115, 116, 17161, 118, 119, 120, 121, 122, 123, 124, 17161, 17161, 129, 128, 129, 130, 131, 132, 133, 134, 135, 136, 137, 138, 139, 140, 141, 142, 143, 144, 145, 146, 17161, 148
149, 17161, 147, 146, 145, 144, 143, 142, 141, 140, 139, 17161, 137, 136, 135, 134, 133, 132, 131, 130, 129, 128, 127, 126, 125, 124, 123, 122, 121, 120, 119, 118, 117, 116, 115, 114, 17161, 112, 111, 17161, 109, 108, 107, 106, 17161, 104, 103, 102, 101, 100, 99, 98, 97, 17161, 95, 94, 17161, 92, 17161, 90, 89, 88, 87, 17161, 17161, 84, 85, 86, 87, 88, 89, 90, 91, 17161, 93, 94, 95, 96, 17161, 98, 99, 17161, 101, 102, 103, 104, 17161, 108, 17161, 17161, 113, 114, 115, 17161, 117, 116, 115, 116, 117, 118, 119, 120, 17161, 122, 123, 124, 125, 17161, 129, 130, 129, 130, 131, 132, 133, 134, 135, 136, 137, 17161, 139, 140, 141, 142, 143, 144, 17161, 146, 147, 148, 149
150, 17161, 148, 147, 146, 17161, 144, 143, 17161, 141, 140, 139, 138, 17161, 136, 135, 134, 133, 132, 131, 130, 129, 128, 127, 17161, 125, 124, 123, 122, 17161, 120, 119, 17161, 117, 116, 17161, 17161, 113, 17161, 111, 110, 109, 108, 17161, 106, 105, 104, 103, 102, 101, 100, 99, 98, 97, 96, 95, 94, 93, 92, 91, 90, 17161, 17161, 87, 86, 85, 17161, 87, 88, 89, 90, 91, 92, 93, 94, 95, 96, 97, 98, 99, 100, 101, 102, 103, 104, 105, 106, 107, 108, 17161, 112, 113, 114, 17161, 116, 117, 17161, 117, 118, 119, 120, 121, 122, 123, 124, 125, 126, 127, 128, 129, 130, 131, 132, 133, 134, 135, 136, 17161, 138, 17161, 140, 141, 142, 143, 144, 145, 146, 147, 148, 149, 150
151, 17161, 149, 148, 147, 17161, 145, 144, 145, 17161, 17161, 17161, 139, 138, 137, 136, 135, 134, 133, 132, 131, 130, 129, 128, 127, 126, 125, 17161, 123, 122, 121, 120, 119, 118, 17161, 17161, 115, 114, 113, 112, 17161, 110, 17161, 108, 107, 106, 105, 104, 103, 102, 101, 100, 99, 98, 97, 96, 17161, 17161, 93, 92, 17161, 94, 17161, 17161, 87, 86, 87, 88, 89, 90, 91, 92, 93, 17161, 95, 96, 97, 98, 17161, 17161, 17161, 102, 103, 104, 105, 106, 107, 108, 109, 110, 111, 112, 113, 114, 115, 116, 117, 118, 119, 120, 17161, 122, 123, 124, 125, 126, 127, 128, 129, 130, 131, 132, 133, 134, 17161, 136, 137, 138, 139, 140, 141, 142, 143, 144, 145, 146, 147, 148, 149, 150, 151
152, 151, 150, 149, 17161, 147, 146, 145, 146, 145, 17161, 17161, 17161, 139, 138, 137, 136, 135, 134, 133, 132, 131, 130, 129, 128, 127, 126, 125, 124, 17161, 122, 121, 120, 119, 118, 117, 116, 17161, 114, 113, 112, 111, 110, 109, 108, 107, 17161, 105, 104, 103, 102, 101, 100, 99, 98, 97, 17161, 95, 94, 93, 94, 93, 92, 91, 17161, 87, 88, 17161, 17161, 91, 92, 93, 94, 95, 96, 97, 98, 99, 100, 101, 102, 103, 104, 105, 106, 107, 108, 109, 110, 111, 112, 113, 17161, 17161, 116, 117, 118, 119, 120, 17161, 124, 123, 124, 125, 126, 127, 128, 129, 130, 131, 132, 133, 134, 135, 136, 137, 17161, 139, 140, 17161, 142, 143, 144, 145, 146, 147, 148, 149, 150, 151, 152
153, 152, 151, 150, 149, 148, 147, 146, 145, 144, 143, 142, 141, 140, 139, 138, 137, 136, 17161, 17161, 133, 132, 131, 130, 129, 128, 127, 126, 125, 17161, 123, 122, 121, 120, 119, 118, 117, 116, 115, 17161, 113, 112, 111, 110, 109, 108, 107, 106, 105, 104, 17161, 102, 101, 100, 99, 98, 97, 96, 95, 94, 93, 92, 91, 90, 89, 88, 89, 90, 91, 17161, 93, 94, 95, 96, 97, 98, 99, 100, 101, 102, 103, 104, 105, 106, 107, 108, 109, 110, 111, 112, 17161, 114, 115, 116, 117, 118, 17161, 120, 121, 17161, 125, 124, 17161, 126, 127, 128, 129, 130, 131, 132, 133, 134, 135, 136, 137, 138, 17161, 140, 141, 142, 143, 144, 145, 146, 147, 148, 149, 150, 151, 17161, 153
154, 153, 17161, 151, 150, 149, 148, 147, 17161, 145, 144, 143, 142, 141, 140, 139, 138, 137, 138, 17161, 17161, 133, 132, 131, 130, 129, 128, 127, 126, 125, 124, 123, 17161, 121, 120, 119, 17161, 117, 116, 115, 114, 113, 17161, 17161, 17161, 109, 108, 107, 106, 105, 104, 103, 102, 17161, 100, 17161, 98, 17161, 96, 95, 94, 93, 92, 17161, 17161, 89, 90, 17161, 92, 93, 94, 95, 17161, 97, 98, 17161, 100, 101, 102, 103, 104, 105, 106, 17161, 108, 109, 110, 111, 112, 113, 17161, 17161, 116, 117, 17161, 119, 120, 121, 122, 123, 124, 125, 126, 127, 128, 129, 130, 131, 132, 133, 134, 135, 136, 137, 138, 139, 140, 17161, 142, 143, 17161, 145, 17161, 147, 148, 149, 150, 17161, 152, 153, 154
155, 154, 153, 152, 17161, 17161, 149, 17161, 17161, 146, 145, 144, 143, 142, 141, 140, 139, 138, 137, 136, 135, 134, 133, 132, 131, 130, 129, 128, 127, 17161, 17161, 124, 123, 122, 121, 120, 17161, 17161, 17161, 116, 115, 114, 113, 112, 111, 110, 109, 108, 107, 106, 105, 17161, 103, 102, 101, 100, 99, 98, 97, 96, 95, 94, 17161, 92, 91, 90, 91, 92, 93, 94, 95, 96, 97, 17161, 17161, 102, 101, 102, 103, 104, 105, 106, 107, 108, 109, 110, 17161, 112, 113, 114, 115, 116, 117, 118, 119, 17161, 121, 17161, 17161, 124, 125, 126, 127, 128, 129, 130, 131, 132, 133, 134, 135, 136, 137, 138, 139, 140, 141, 142, 143, 17161, 147, 146, 147, 148, 149, 150, 151, 152, 153, 154, 155
156, 155, 154, 153, 154, 155, 17161, 153, 17161, 147, 146, 17161, 144, 143, 142, 141, 140, 17161, 138, 137, 136, 135, 134, 133, 132, 131, 130, 129, 128, 127, 126, 125, 124, 123, 122, 121, 122, 121, 17161, 117, 116, 17161, 114, 113, 112, 17161, 17161, 17161, 108, 17161, 106, 105, 104, 103, 102, 101, 100, 99, 17161, 97, 96, 95, 96, 17161, 92, 91, 92, 93, 94, 95, 96, 97, 98, 17161, 102, 103, 102, 103, 104, 17161, 17161, 107, 108, 109, 110, 111, 112, 113, 114, 115, 116, 117, 118, 119, 120, 121, 122, 123, 17161, 125, 17161, 127, 128, 129, 130, 131, 132, 133, 134, 135, 136, 17161, 138, 17161, 140, 141, 142, 143, 144, 145, 146, 147, 148, 149, 150, 151, 152, 153, 17161, 155, 156
157, 17161, 155, 154, 155, 154, 153, 152, 17161, 148, 147, 146, 145, 144, 143, 142, 141, 140, 139, 138, 137, 136, 135, 134, 133, 132, 131, 130, 129, 128, 127, 126, 125, 124, 123, 122, 121, 120, 119, 118, 117, 116, 115, 114, 113, 17161, 111, 110, 109, 110, 17161, 106, 105, 104, 17161, 102, 101, 100, 99, 98, 97, 17161, 97, 96, 17161, 92, 93, 17161, 95, 96, 97, 98, 99, 100, 101, 17161, 103, 17161, 105, 106, 17161, 108, 109, 110, 111, 112, 113, 114, 115, 17161, 117, 118, 17161, 17161, 121, 122, 123, 124, 125, 126, 127, 128, 129, 130, 131, 132, 133, 134, 135, 136, 137, 138, 139, 17161, 141, 142, 143, 144, 145, 146, 147, 148, 149, 150, 151, 152, 153, 154, 155, 156, 157
158, 17161, 156, 155, 154, 153, 152, 151, 150, 149, 148, 147, 146, 145, 144, 143, 142, 141, 140, 139, 138, 137, 136, 135, 134, 133, 132, 131, 130, 129, 128, 127, 126, 125, 124, 123, 17161, 121, 120, 119, 118, 117, 116, 115, 114, 113, 112, 111, 17161, 17161, 108, 107, 106, 105, 104, 103, 102, 101, 100, 99, 98, 97, 96, 95, 94, 93, 94, 95, 96, 97, 98, 99, 100, 101, 102, 103, 104, 105, 106, 107, 108, 17161, 110, 17161, 112, 113, 114, 115, 116, 117, 118, 119, 120, 121, 122, 123, 17161, 125, 17161, 127, 128, 129, 130, 131, 132, 133, 134, 135, 136, 137, 138, 139, 140, 17161, 17161, 143, 144, 145, 146, 147, 17161, 149, 150, 151, 152, 153, 154, 17161, 156, 157, 158
159, 158, 157, 156, 155, 154, 153, 152, 151, 150, 149, 148, 147, 146, 145, 144, 143, 17161, 141, 140, 139, 138, 17161, 136, 135, 17161, 133, 132, 131, 130, 129, 128, 127, 126, 125, 17161, 123, 122, 17161, 17161, 119, 17161, 117, 116, 115, 17161, 17161, 112, 111, 110, 109, 108, 107, 17161, 105, 104, 103, 102, 101, 100, 99, 17161, 97, 96, 95, 94, 95, 96, 97, 98, 99, 100, 101, 102, 103, 104, 105, 106, 107, 108, 109, 17161, 111, 112, 113, 114, 115, 116, 117, 118, 119, 120, 121, 122, 123, 124, 125, 126, 127, 128, 129, 130, 131, 132, 133, 17161, 135, 17161, 137, 138, 139, 140, 141, 142, 17161, 144, 145, 146, 147, 148, 149, 150, 17161, 152, 153, 154, 155, 17161, 157, 158, 159
160, 159, 17161, 157, 156, 17161, 154, 17161, 17161, 151, 150, 149, 148, 147, 17161, 145, 144, 143, 142, 141, 140, 139, 138, 137, 136, 135, 134, 133, 132, 131, 130, 129, 128, 127, 126, 127, 17161, 17161, 17161, 17161, 17161, 119, 118, 17161, 17161, 119, 118, 17161, 112, 111, 17161, 109, 108, 107, 106, 105, 104, 103, 102, 101, 100, 99, 98, 97, 96, 95, 96, 97, 98, 99, 100, 101, 102, 103, 104, 105, 106, 107, 108, 109, 17161, 115, 17161, 113, 114, 115, 116, 117, 118, 119, 120, 121, 122, 123, 124, 125, 126, 127, 128, 129, 130, 131, 132, 133, 134, 135, 136, 137, 138, 139, 140, 141, 142, 143, 144, 145, 146, 147, 148, 149, 150, 151, 152, 153, 154, 155, 156, 157, 158, 159, 160
161, 160, 159, 158, 157, 156, 155, 156, 17161, 152, 151, 150, 149, 148, 147, 146, 17161, 17161, 143, 142, 141, 17161, 139, 138, 137, 17161, 135, 17161, 133, 132, 131, 130, 129, 128, 127, 128, 127, 126, 17161, 17161, 121, 120, 119, 120, 119, 118, 117, 17161, 17161, 112, 111, 110, 17161, 108, 107, 106, 105, 17161, 103, 102, 101, 100, 99, 17161, 97, 96, 97, 98, 99, 100, 101, 102, 103, 104, 105, 106, 107, 108, 17161, 17161, 113, 114, 115, 114, 17161, 116, 117, 17161, 119, 120, 121, 122, 123, 124, 125, 126, 127, 128, 129, 130, 131, 132, 133, 134, 135, 136, 137, 138, 139, 17161, 141, 142, 143, 144, 145, 17161, 147, 148, 17161, 150, 151, 17161, 17161, 154, 155, 17161, 157, 17161, 159, 160, 161
162, 161, 160, 159, 158, 157, 156, 155, 154, 153, 152, 151, 150, 17161, 148, 17161, 148, 17161, 144, 143, 142, 141, 140, 139, 138, 137, 136, 135, 134, 133, 132, 131, 130, 129, 128, 127, 126, 125, 124, 123, 122, 121, 120, 119, 118, 117, 116, 115, 114, 113, 112, 111, 110, 109, 108, 107, 106, 105, 104, 17161, 102, 101, 17161, 99, 98, 97, 98, 99, 100, 101, 102, 103, 17161, 105, 106, 17161, 108, 109, 110, 111, 112, 113, 114, 115, 116, 117, 17161, 121, 17161, 121, 122, 17161, 17161, 125, 126, 127, 128, 129, 130, 131, 132, 133, 17161, 135, 136, 17161, 17161, 139, 140, 141, 17161, 143, 144, 145, 17161, 149, 148, 149, 17161, 17161, 152, 153, 154, 17161, 156, 157, 158, 159, 160, 161, 162
163, 162, 17161, 160, 159, 158, 157, 156, 155, 154, 153, 152, 151, 152, 17161, 148, 147, 146, 145, 144, 143, 142, 141, 140, 139, 138, 137, 136, 135, 17161, 133, 132, 131, 130, 129, 128, 127, 126, 17161, 124, 123, 122, 121, 120, 119, 118, 17161, 116, 17161, 114, 113, 17161, 111, 110, 109, 108, 107, 106, 105, 104, 103, 102, 101, 100, 17161, 98, 99, 100, 17161, 102, 103, 104, 105, 17161, 107, 108, 109, 110, 111, 17161, 113, 114, 115, 116, 117, 118, 119, 120, 17161, 122, 123, 124, 125, 126, 127, 128, 129, 130, 131, 132, 133, 134, 135, 17161, 137, 138, 139, 140, 141, 142, 143, 144, 17161, 146, 147, 148, 149, 150, 17161, 154, 153, 154, 155, 156, 157, 158, 159, 160, 161, 162, 163
164, 163, 162, 161, 160, 159, 158, 157, 156, 155, 154, 153, 152, 17161, 150, 149, 148, 17161, 146, 145, 144, 143, 142, 141, 17161, 139, 138, 137, 136, 137, 17161, 133, 132, 131, 130, 129, 128, 127, 17161, 125, 124, 17161, 122, 121, 120, 119, 17161, 117, 116, 115, 114, 115, 17161, 111, 110, 109, 108, 107, 106, 105, 104, 103, 102, 101, 100, 99, 100, 101, 102, 103, 104, 105, 106, 17161, 108, 109, 110, 111, 112, 113, 114, 115, 116, 117, 118, 119, 120, 121, 17161, 123, 124, 17161, 126, 127, 128, 129, 130, 131, 132, 133, 134, 135, 136, 137, 138, 139, 140, 141, 142, 143, 144, 145, 146, 147, 148, 149, 17161, 151, 152, 153, 154, 155, 156, 157, 158, 159, 160, 161, 162, 163, 164
165, 164, 163, 162, 161, 160, 159, 158, 17161, 156, 155, 154, 17161, 152, 151, 150, 149, 17161, 147, 17161, 145, 144, 143, 17161, 143, 17161, 139, 138, 137, 136, 135, 134, 133, 132, 131, 130, 129, 128, 127, 126, 125, 124, 123, 122, 17161, 120, 119, 118, 117, 17161, 17161, 116, 117, 17161, 111, 110, 17161, 108, 107, 17161, 105, 104, 17161, 102, 101, 100, 101, 17161, 103, 104, 105, 106, 107, 108, 109, 110, 111, 112, 113, 17161, 115, 17161, 117, 118, 119, 120, 121, 122, 123, 124, 125, 126, 127, 128, 129, 130, 131, 132, 133, 134, 135, 136, 137, 138, 139, 140, 141, 142, 17161, 144, 145, 146, 147, 148, 149, 17161, 153, 17161, 153, 17161, 155, 156, 157, 158, 159, 160, 161, 162, 163, 17161, 165
166, 165, 164, 163, 162, 17161, 160, 159, 158, 157, 156, 155, 154, 153, 152, 151, 150, 149, 148, 17161, 146, 145, 17161, 143, 142, 141, 140, 139, 138, 17161, 136, 135, 17161, 133, 132, 131, 130, 129, 128, 127, 126, 17161, 124, 123, 122, 121, 120, 119, 118, 119, 17161, 117, 17161, 17161, 112, 17161, 110, 109, 108, 107, 106, 105, 104, 103, 102, 101, 102, 103, 104, 105, 106, 107, 108, 109, 110, 111, 112, 113, 114, 115, 116, 117, 118, 119, 120, 121, 122, 123, 124, 125, 126, 127, 128, 129, 130, 131, 132, 133, 134, 17161, 136, 137, 138, 139, 140, 141, 142, 143, 17161, 145, 146, 147, 148, 17161, 150, 151, 152, 153, 154, 155, 156, 17161, 17161, 159, 17161, 161, 162, 163, 164, 165, 166
167, 166, 165, 164, 17161, 17161, 17161, 17161, 159, 158, 157, 156, 155, 154, 153, 152, 151, 150, 17161, 148, 147, 146, 147, 17161, 17161, 17161, 141, 140, 139, 138, 137, 136, 135, 134, 133, 132, 131, 130, 129, 128, 127, 126, 125, 17161, 123, 122, 121, 120, 119, 118, 117, 116, 115, 114, 113, 112, 111, 110, 109, 108, 17161, 17161, 105, 104, 103, 102, 103, 104, 105, 106, 107, 108, 109, 110, 111, 112, 113, 17161, 115, 116, 117, 118, 119, 120, 121, 122, 123, 124, 125, 17161, 127, 128, 129, 130, 131, 132, 133, 134, 135, 136, 137, 138, 139, 140, 141, 17161, 17161, 144, 145, 146, 147, 148, 149, 150, 151, 152, 153, 154, 155, 156, 157, 158, 159, 17161, 163, 162, 163, 17161, 165, 166, 167
168, 17161, 166, 165, 166, 17161, 162, 161, 160, 159, 17161, 17161, 156, 155, 17161, 17161, 152, 151, 150, 149, 148, 147, 146, 145, 144, 143, 142, 141, 140, 139, 138, 137, 136, 135, 134, 133, 132, 131, 130, 129, 128, 127, 126, 125, 124, 123, 122, 121, 120, 119, 118, 17161, 116, 115, 114, 113, 112, 111, 110, 109, 108, 107, 106, 105, 104, 103, 17161, 105, 17161, 107, 108, 17161, 110, 111, 112, 113, 114, 17161, 116, 117, 118, 119, 120, 17161, 122, 123, 124, 17161, 126, 127, 128, 129, 130, 131, 132, 133, 134, 135, 136, 17161, 138, 139, 17161, 141, 142, 143, 144, 145, 146, 147, 148, 17161, 150, 151, 17161, 153, 154, 155, 156, 157, 17161, 159, 160, 161, 162, 163, 164, 165, 166, 167, 168
169, 170, 17161, 166, 17161, 17161, 163, 162, 17161, 160, 159, 158, 157, 156, 157, 17161, 153, 152, 151, 17161, 149, 17161, 147, 146, 145, 144, 17161, 142, 141, 140, 139, 138, 137, 136, 135, 134, 133, 132, 131, 130, 129, 128, 127, 17161, 125, 124, 123, 122, 121, 120, 119, 118, 117, 116, 115, 17161, 113, 112, 111, 110, 109, 108, 107, 106, 105, 104, 17161, 106, 107, 17161, 109, 17161, 111, 112, 113, 17161, 115, 116, 117, 118, 119, 120, 121, 122, 17161, 124, 125, 126, 127, 128, 129, 130, 131, 132, 133, 134, 135, 17161, 137, 138, 139, 140, 17161, 142, 143, 144, 145, 146, 147, 148, 149, 17161, 151, 152, 153, 154, 155, 156, 157, 158, 159, 17161, 161, 162, 163, 164, 165, 166, 167, 168, 169
170, 169, 168, 167, 166, 165, 164, 163, 162, 161, 160, 17161, 158, 157, 156, 155, 154, 17161, 152, 151, 150, 149, 148, 147, 146, 145, 144, 143, 142, 141, 140, 139, 138, 137, 136, 135, 17161, 133, 132, 131, 130, 129, 128, 127, 126, 125, 124, 123, 17161, 17161, 120, 119, 118, 117, 116, 115, 114, 113, 112, 111, 110, 109, 17161, 107, 106, 105, 106, 107, 108, 109, 110, 111, 112, 113, 114, 115, 116, 117, 118, 119, 120, 121, 122, 123, 124, 125, 126, 127, 128, 129, 130, 131, 132, 133, 17161, 135, 136, 137, 138, 139, 140, 141, 142, 143, 144, 145, 146, 147, 148, 149, 150, 151, 152, 153, 154, 155, 156, 157, 17161, 159, 160, 161, 162, 17161, 164, 165, 166, 167, 168, 169, 170
171, 170, 169, 168, 167, 17161, 165, 164, 163, 17161, 161, 160, 159, 158, 157, 17161, 155, 154, 153, 152, 151, 150, 149, 148, 147, 146, 145, 144, 17161, 142, 141, 140, 139, 138, 137, 136, 135, 134, 133, 132, 131, 130, 129, 128, 127, 126, 17161, 124, 123, 122, 121, 120, 119, 17161, 117, 116, 115, 17161, 113, 17161, 111, 110, 109, 108, 107, 106, 107, 108, 109, 110, 111, 112, 17161, 114, 115, 116, 117, 118, 119, 17161, 121, 122, 123, 124, 125, 126, 127, 128, 129, 130, 131, 132, 133, 134, 135, 136, 137, 138, 139, 140, 17161, 142, 143, 17161, 145, 146, 147, 148, 149, 150, 151, 152, 153, 154, 155, 156, 157, 158, 159, 160, 161, 162, 163, 164, 17161, 166, 167, 168, 169, 170, 171
172, 171, 170, 17161, 168, 17161, 166, 165, 164, 163, 162, 161, 17161, 159, 158, 157, 156, 155, 154, 153, 17161, 151, 150, 149, 148, 147, 146, 145, 146, 17161, 142, 141, 140, 139, 138, 137, 136, 135, 134, 133, 132, 131, 130, 129, 128, 127, 126, 125, 124, 123, 122, 17161, 120, 119, 118, 117, 116, 17161, 114, 113, 112, 111, 110, 109, 108, 107, 17161, 109, 17161, 111, 17161, 113, 114, 115, 116, 117, 118, 119, 120, 121, 122, 17161, 124, 125, 126, 127, 128, 129, 130, 131, 132, 133, 17161, 17161, 136, 137, 138, 139, 140, 141, 142, 143, 144, 145, 146, 147, 148, 149, 17161, 151, 152, 153, 154, 155, 17161, 157, 158, 159, 160, 161, 162, 163, 164, 165, 166, 167, 168, 169, 170, 17161, 172
173, 172, 171, 17161, 169, 170, 17161, 166, 165, 164, 163, 162, 161, 160, 159, 158, 157, 156, 155, 154, 153, 152, 151, 150, 149, 148, 147, 146, 145, 144, 143, 142, 141, 140, 139, 138, 137, 136, 135, 134, 133, 132, 131, 130, 129, 128, 127, 17161, 125, 124, 123, 17161, 121, 120, 119, 118, 117, 17161, 115, 114, 113, 112, 111, 110, 109, 108, 17161, 110, 111, 112, 113, 114, 115, 116, 117, 118, 119, 120, 121, 122, 123, 124, 125, 17161, 127, 128, 129, 130, 131, 132, 133, 134, 135, 136, 137, 138, 139, 140, 141, 142, 143, 144, 145, 146, 147, 148, 149, 150, 17161, 152, 153, 154, 155, 156, 157, 17161, 159, 160, 17161, 162, 163, 164, 165, 17161, 167, 168, 169, 170, 171, 172, 173
174, 173, 172, 171, 170, 169, 168, 167, 17161, 165, 164, 163, 162, 161, 160, 159, 158, 157, 156, 155, 154, 17161, 152, 151, 17161, 149, 148, 147, 146, 145, 144, 143, 142, 141, 140, 139, 138, 137, 136, 135, 134, 133, 132, 131, 130, 129, 128, 127, 126, 125, 124, 17161, 17161, 17161, 120, 119, 17161, 117, 116, 115, 114, 113, 112, 111, 110, 109, 110, 111, 112, 113, 17161, 115, 116, 17161, 118, 119, 120, 121, 122, 17161, 17161, 125, 126, 127, 128, 129, 130, 131, 132, 133, 134, 17161, 136, 137, 17161, 139, 140, 17161, 17161, 143, 144, 145, 146, 17161, 148, 149, 150, 151, 152, 153, 154, 155, 17161, 157, 158, 159, 160, 161, 162, 163, 17161, 165, 166, 167, 168, 169, 170, 171, 172, 173, 174
175, 174, 173, 17161, 171, 170, 17161, 168, 167, 166, 165, 164, 17161, 162, 161, 160, 159, 17161, 157, 156, 155, 154, 153, 152, 151, 150, 149, 17161, 147, 146, 145, 17161, 143, 17161, 141, 140, 139, 138, 137, 136, 135, 134, 133, 132, 131, 130, 129, 128, 127, 126, 125, 124, 123, 122, 121, 120, 119, 118, 17161, 116, 115, 114, 113, 112, 111, 110, 111, 17161, 113, 114, 115, 17161, 117, 118, 119, 120, 121, 17161, 17161, 128, 127, 126, 127, 128, 129, 130, 131, 132, 133, 17161, 135, 17161, 137, 138, 139, 140, 141, 142, 143, 17161, 145, 146, 147, 148, 149, 150, 151, 152, 153, 154, 155, 156, 17161, 17161, 159, 160, 161, 162, 17161, 17161, 167, 166, 167, 168, 169, 170, 171, 172, 173, 17161, 175
176, 17161, 174, 175, 17161, 171, 170, 169, 168, 167, 166, 165, 166, 17161, 162, 161, 160, 159, 158, 157, 156, 155, 154, 153, 152, 151, 150, 149, 148, 147, 146, 145, 144, 143, 142, 141, 140, 17161, 138, 137, 136, 135, 134, 133, 132, 131, 130, 129, 128, 127, 126, 17161, 17161, 123, 122, 121, 120, 119, 120, 17161, 17161, 115, 114, 17161, 112, 111, 112, 113, 114, 115, 116, 117, 17161, 119, 120, 17161, 122, 123, 124, 17161, 128, 127, 128, 129, 130, 131, 132, 133, 134, 135, 136, 137, 138, 139, 140, 141, 142, 143, 144, 17161, 17161, 147, 148, 149, 150, 151, 152, 153, 154, 155, 156, 17161, 17161, 161, 17161, 161, 162, 17161, 166, 167, 168, 167, 168, 17161, 170, 17161, 17161, 173, 174, 175, 176
177, 17161, 17161, 17161, 173, 172, 171, 170, 17161, 168, 167, 166, 167, 166, 17161, 162, 161, 160, 159, 158, 157, 156, 155, 154, 153, 152, 151, 150, 149, 148, 147, 146, 145, 144, 17161, 142, 141, 17161, 139, 138, 137, 136, 135, 134, 133, 132, 131, 130, 129, 128, 127, 126, 125, 124, 123, 122, 121, 120, 119, 118, 117, 116, 115, 114, 113, 112, 113, 114, 115, 17161, 117, 118, 119, 120, 121, 122, 17161, 124, 125, 126, 127, 128, 129, 130, 131, 132, 133, 134, 135, 136, 137, 138, 139, 140, 141, 142, 143, 144, 145, 146, 17161, 17161, 149, 17161, 151, 152, 153, 17161, 155, 156, 157, 158, 159, 160, 17161, 162, 163, 164, 165, 166, 17161, 168, 169, 170, 171, 172, 173, 17161, 175, 17161, 177
178, 177, 176, 175, 174, 173, 17161, 171, 170, 169, 168, 167, 166, 165, 164, 163, 162, 161, 160, 159, 158, 157, 156, 155, 154, 153, 152, 151, 17161, 149, 17161, 147, 146, 145, 144, 143, 17161, 141, 140, 17161, 138, 137, 136, 135, 134, 133, 132, 131, 130, 129, 128, 127, 17161, 125, 124, 123, 122, 121, 120, 119, 118, 17161, 116, 115, 114, 113, 114, 115, 116, 117, 17161, 119, 120, 121, 122, 123, 124, 125, 126, 127, 128, 129, 130, 131, 132, 133, 134, 135, 136, 137, 138, 139, 17161, 141, 142, 143, 144, 145, 146, 147, 148, 149, 150, 17161, 17161, 153, 17161, 157, 156, 157, 158, 159, 160, 161, 162, 17161, 164, 165, 166, 167, 168, 169, 170, 171, 172, 173, 174, 175, 176, 177, 178
179, 178, 177, 17161, 175, 174, 17161, 172, 171, 170, 169, 168, 167, 166, 165, 17161, 163, 162, 161, 160, 159, 158, 157, 156, 155, 154, 153, 152, 151, 150, 17161, 148, 147, 146, 145, 144, 143, 142, 141, 140, 139, 17161, 137, 136, 135, 134, 133, 132, 131, 130, 129, 128, 127, 126, 125, 124, 123, 122, 17161, 120, 119, 120, 17161, 116, 115, 114, 115, 116, 117, 17161, 17161, 120, 17161, 122, 17161, 17161, 125, 126, 127, 128, 129, 130, 131, 132, 133, 134, 17161, 136, 137, 138, 139, 140, 141, 142, 143, 144, 145, 146, 147, 148, 149, 150, 151, 152, 153, 154, 155, 17161, 157, 158, 159, 160, 17161, 162, 163, 164, 17161, 166, 167, 168, 17161, 170, 171, 172, 173, 174, 175, 176, 177, 178, 179
180, 17161, 178, 177, 176, 175, 174, 173, 172, 171, 170, 169, 168, 167, 166, 17161, 17161, 163, 17161, 161, 160, 17161, 158, 157, 156, 155, 154, 153, 152, 151, 152, 17161, 17161, 147, 146, 17161, 17161, 17161, 142, 141, 17161, 17161, 138, 137, 17161, 135, 134, 133, 132, 131, 130, 129, 128, 127, 17161, 125, 124, 17161, 17161, 121, 120, 119, 118, 117, 116, 115, 116, 117, 118, 119, 120, 121, 122, 123, 124, 125, 17161, 127, 128, 129, 130, 131, 132, 133, 134, 135, 17161, 137, 138, 139, 140, 141, 142, 143, 144, 17161, 146, 147, 148, 149, 150, 151, 152, 153, 154, 155, 156, 157, 158, 159, 17161, 161, 162, 163, 164, 165, 166, 167, 17161, 17161, 17161, 17161, 172, 173, 17161, 175, 176, 17161, 178, 179, 180
181, 182, 17161, 178, 177, 176, 175, 174, 17161, 172, 171, 170, 169, 168, 167, 166, 165, 164, 163, 162, 161, 160, 159, 17161, 157, 156, 155, 154, 153, 152, 151, 150, 149, 148, 147, 148, 17161, 144, 143, 17161, 141, 140, 139, 17161, 137, 136, 135, 134, 133, 132, 131, 130, 129, 128, 127, 126, 125, 124, 123, 122, 121, 17161, 119, 118, 117, 116, 117, 118, 17161, 120, 121, 122, 123, 124, 125, 126, 127, 128, 129, 130, 131, 132, 133, 134, 17161, 136, 137, 138, 17161, 140, 141, 142, 143, 144, 17161, 148, 147, 148, 149, 150, 17161, 152, 153, 17161, 155, 17161, 157, 158, 159, 17161, 17161, 162, 163, 17161, 165, 166, 167, 168, 169, 17161, 175, 174, 173, 174, 175, 176, 177, 17161, 179, 180, 181
182, 181, 180, 179, 17161, 17161, 176, 175, 174, 173, 172, 171, 17161, 169, 168, 167, 166, 165, 164, 163, 162, 161, 160, 159, 158, 157, 156, 17161, 154, 153, 152, 151, 17161, 149, 17161, 147, 146, 145, 144, 17161, 17161, 17161, 140, 139, 138, 137, 17161, 135, 134, 133, 132, 131, 130, 129, 128, 127, 126, 125, 124, 123, 17161, 123, 17161, 119, 118, 117, 118, 119, 17161, 17161, 17161, 17161, 124, 17161, 126, 127, 128, 129, 130, 131, 132, 133, 134, 135, 17161, 137, 17161, 139, 140, 141, 142, 143, 144, 145, 146, 147, 148, 149, 150, 151, 152, 153, 17161, 157, 156, 157, 158, 159, 160, 17161, 17161, 17161, 17161, 167, 166, 167, 168, 169, 17161, 173, 174, 175, 174, 175, 176, 177, 178, 17161, 180, 181, 182
183, 182, 181, 180, 17161, 178, 177, 176, 175, 174, 173, 172, 171, 170, 169, 168, 167, 166, 165, 164, 163, 17161, 161, 160, 159, 158, 157, 156, 155, 154, 153, 152, 151, 150, 151, 17161, 147, 146, 145, 17161, 149, 148, 17161, 140, 139, 17161, 17161, 136, 135, 134, 133, 132, 131, 130, 129, 128, 127, 126, 17161, 124, 123, 122, 121, 120, 119, 118, 119, 120, 121, 122, 17161, 126, 17161, 128, 127, 128, 129, 130, 131, 132, 133, 134, 135, 17161, 139, 138, 139, 140, 141, 142, 143, 144, 145, 17161, 147, 148, 17161, 150, 151, 152, 153, 17161, 159, 158, 17161, 158, 159, 160, 161, 162, 163, 164, 165, 166, 167, 168, 169, 170, 171, 172, 173, 174, 175, 176, 177, 178, 179, 17161, 181, 182, 183
184, 183, 182, 181, 17161, 179, 178, 17161, 176, 175, 174, 173, 172, 171, 170, 17161, 168, 167, 17161, 165, 17161, 163, 162, 17161, 160, 159, 158, 157, 156, 155, 154, 153, 152, 151, 150, 149, 148, 147, 146, 17161, 148, 147, 17161, 141, 140, 139, 138, 137, 136, 17161, 134, 133, 132, 131, 130, 129, 128, 127, 17161, 125, 124, 123, 122, 121, 120, 119, 120, 121, 122, 123, 124, 125, 17161, 129, 128, 129, 130, 131, 132, 133, 134, 135, 136, 137, 17161, 139, 140, 141, 142, 17161, 17161, 145, 146, 147, 148, 149, 150, 151, 152, 17161, 154, 17161, 160, 159, 160, 17161, 160, 17161, 162, 163, 164, 165, 17161, 167, 168, 169, 170, 171, 172, 173, 174, 17161, 176, 17161, 17161, 179, 17161, 17161, 182, 183, 184
185, 17161, 183, 182, 181, 180, 179, 178, 177, 176, 175, 174, 17161, 172, 171, 170, 169, 168, 167, 166, 165, 164, 163, 162, 161, 160, 159, 17161, 157, 17161, 155, 154, 153, 152, 151, 150, 149, 148, 147, 148, 147, 146, 17161, 142, 141, 140, 139, 138, 137, 138, 17161, 134, 133, 132, 131, 130, 129, 128, 127, 126, 125, 124, 123, 122, 121, 120, 121, 122, 123, 124, 125, 17161, 129, 130, 129, 130, 131, 132, 133, 134, 17161, 136, 137, 138, 139, 140, 141, 142, 143, 144, 145, 146, 147, 148, 17161, 150, 151, 152, 153, 154, 17161, 17161, 159, 160, 17161, 162, 161, 17161, 163, 164, 17161, 166, 167, 17161, 17161, 170, 171, 172, 173, 174, 175, 176, 177, 178, 179, 180, 181, 182, 183, 184, 185
186, 185, 184, 183, 182, 181, 180, 179, 178, 177, 176, 175, 17161, 173, 172, 171, 170, 169, 168, 167, 166, 165, 164, 163, 162, 17161, 160, 159, 158, 17161, 156, 155, 154, 153, 152, 151, 150, 17161, 148, 147, 146, 145, 144, 143, 142, 141, 140, 139, 138, 137, 136, 135, 134, 133, 132, 131, 130, 129, 128, 127, 126, 125, 124, 123, 122, 121, 122, 123, 124, 125, 126, 127, 128, 129, 130, 131, 132, 133, 134, 17161, 138, 137, 138, 139, 140, 141, 142, 143, 144, 145, 146, 147, 148, 17161, 152, 151, 152, 153, 154, 155, 156, 157, 158, 159, 17161, 163, 162, 163, 164, 165, 166, 167, 168, 169, 170, 171, 172, 173, 174, 175, 176, 177, 178, 179, 17161, 181, 182, 17161, 184, 185, 186
187, 186, 17161, 184, 17161, 182, 181, 17161, 179, 178, 177, 176, 175, 174, 173, 172, 171, 170, 169, 168, 17161, 166, 17161, 164, 163, 17161, 161, 160, 159, 158, 157, 156, 17161, 154, 153, 152, 151, 17161, 149, 148, 147, 146, 145, 144, 143, 142, 17161, 140, 139, 17161, 137, 136, 135, 134, 133, 132, 131, 130, 129, 128, 127, 126, 125, 124, 123, 122, 123, 17161, 125, 126, 127, 128, 129, 130, 131, 132, 133, 17161, 135, 17161, 139, 17161, 139, 140, 17161, 17161, 143, 144, 145, 146, 147, 148, 17161, 152, 17161, 152, 153, 154, 155, 156, 157, 158, 159, 160, 161, 162, 163, 164, 165, 166, 167, 168, 169, 170, 17161, 172, 173, 174, 175, 176, 177, 178, 179, 180, 181, 182, 183, 184, 185, 186, 187
188, 187, 186, 185, 184, 183, 182, 181, 180, 179, 178, 177, 176, 175, 174, 173, 172, 17161, 170, 169, 17161, 167, 168, 17161, 164, 163, 162, 161, 160, 159, 158, 17161, 156, 155, 154, 153, 152, 153, 17161, 149, 148, 17161, 146, 145, 144, 143, 142, 141, 140, 17161, 138, 137, 136, 135, 17161, 133, 132, 131, 130, 129, 128, 127, 17161, 125, 124, 123, 124, 125, 126, 127, 128, 129, 130, 131, 132, 133, 134, 135, 136, 137, 17161, 141, 17161, 141, 142, 143, 17161, 145, 146, 147, 148, 149, 150, 151, 152, 153, 154, 155, 17161, 157, 158, 159, 160, 161, 162, 163, 164, 165, 166, 167, 168, 169, 170, 171, 172, 173, 174, 17161, 176, 177, 17161, 179, 180, 181, 182, 183, 184, 185, 186, 17161, 188
189, 188, 187, 186, 17161, 184, 183, 182, 181, 180, 179, 178, 17161, 176, 175, 174, 173, 172, 171, 17161, 169, 168, 167, 166, 165, 164, 17161, 162, 161, 160, 159, 158, 157, 156, 155, 154, 17161, 17161, 153, 17161, 149, 148, 147, 146, 17161, 144, 143, 17161, 17161, 140, 139, 138, 17161, 136, 135, 134, 133, 132, 131, 130, 129, 128, 127, 126, 125, 124, 125, 126, 127, 128, 129, 130, 131, 132, 133, 134, 135, 136, 17161, 138, 139, 140, 17161, 142, 143, 144, 17161, 17161, 147, 148, 17161, 17161, 17161, 152, 153, 154, 155, 156, 157, 158, 17161, 160, 161, 162, 163, 17161, 17161, 166, 167, 168, 169, 170, 171, 172, 173, 17161, 17161, 180, 17161, 178, 179, 180, 181, 17161, 183, 17161, 185, 186, 187, 188, 189
190, 189, 188, 187, 186, 185, 184, 17161, 182, 181, 180, 179, 180, 17161, 176, 175, 174, 173, 172, 173, 17161, 169, 168, 167, 166, 165, 164, 163, 162, 161, 160, 159, 158, 157, 156, 155, 154, 153, 152, 151, 150, 149, 17161, 147, 146, 145, 144, 143, 142, 141, 140, 139, 140, 17161, 136, 135, 17161, 133, 132, 131, 130, 129, 128, 127, 17161, 125, 126, 127, 128, 129, 130, 131, 132, 133, 134, 135, 136, 137, 138, 139, 140, 141, 142, 143, 144, 17161, 148, 149, 148, 149, 150, 151, 152, 153, 154, 155, 156, 157, 158, 159, 17161, 161, 162, 163, 164, 17161, 168, 167, 168, 17161, 170, 17161, 172, 173, 17161, 177, 178, 179, 180, 179, 180, 181, 182, 17161, 184, 17161, 186, 187, 17161, 189, 190
191, 190, 189, 188, 187, 186, 185, 184, 183, 182, 181, 180, 181, 17161, 17161, 176, 175, 17161, 173, 172, 171, 170, 169, 168, 167, 166, 165, 164, 163, 162, 161, 160, 159, 158, 157, 156, 155, 154, 153, 152, 151, 150, 149, 148, 147, 146, 17161, 144, 143, 17161, 141, 140, 139, 138, 137, 136, 135, 134, 133, 132, 131, 130, 129, 128, 127, 126, 127, 128, 129, 130, 131, 132, 133, 134, 135, 136, 17161, 138, 139, 17161, 141, 17161, 143, 144, 145, 146, 147, 17161, 149, 17161, 17161, 152, 153, 154, 155, 156, 157, 158, 159, 160, 17161, 162, 163, 17161, 165, 166, 167, 168, 169, 170, 171, 172, 17161, 174, 175, 176, 177, 17161, 181, 180, 181, 182, 183, 184, 17161, 17161, 187, 188, 189, 190, 191
192, 191, 190, 189, 188, 187, 186, 185, 184, 183, 17161, 17161, 180, 179, 178, 177, 176, 175, 174, 173, 172, 171, 170, 169, 17161, 167, 17161, 165, 164, 163, 162, 161, 160, 159, 158, 157, 156, 155, 17161, 153, 17161, 151, 150, 149, 148, 147, 146, 145, 144, 143, 142, 141, 140, 139, 138, 17161, 136, 135, 17161, 133, 132, 131, 130, 129, 128, 127, 128, 129, 130, 131, 132, 133, 134, 135, 136, 17161, 140, 139, 17161, 147, 17161, 145, 144, 145, 17161, 147, 148, 17161, 150, 151, 152, 153, 154, 155, 156, 157, 158, 159, 160, 161, 17161, 163, 164, 17161, 166, 167, 168, 169, 170, 171, 17161, 173, 174, 175, 176, 177, 17161, 181, 182, 181, 182, 183, 17161, 185, 186, 187, 188, 17161, 190, 17161, 192
193, 17161, 17161, 190, 17161, 188, 187, 17161, 185, 184, 183, 182, 181, 180, 17161, 17161, 177, 176, 175, 174, 173, 172, 17161, 170, 169, 168, 167, 166, 165, 164, 163, 17161, 161, 160, 17161, 158, 17161, 156, 155, 154, 153, 152, 151, 17161, 149, 148, 147, 146, 145, 144, 143, 142, 141, 140, 139, 138, 137, 136, 135, 134, 133, 132, 131, 130, 129, 128, 129, 130, 131, 132, 133, 134, 135, 136, 17161, 17161, 17161, 17161, 147, 146, 17161, 17161, 145, 17161, 17161, 148, 149, 150, 151, 152, 153, 154, 155, 156, 157, 158, 159, 160, 17161, 162, 163, 164, 165, 166, 167, 17161, 169, 170, 171, 172, 173, 174, 175, 176, 177, 178, 179, 180, 181, 182, 17161, 184, 185, 186, 187, 188, 189, 190, 191, 192, 193
194, 193, 192, 191, 190, 189, 188, 17161, 186, 185, 184, 183, 182, 17161, 180, 179, 178, 177, 176, 175, 17161, 173, 174, 17161, 170, 169, 168, 167, 166, 165, 164, 163, 162, 161, 160, 159, 17161, 157, 156, 155, 154, 153, 152, 151, 150, 149, 148, 147, 17161, 145, 144, 143, 142, 141, 17161, 17161, 17161, 137, 136, 135, 134, 133, 132, 131, 130, 129, 130, 131, 132, 133, 134, 135, 136, 137, 17161, 141, 142, 143, 17161, 145, 17161, 147, 146, 147, 148, 17161, 150, 151, 152, 153, 154, 155, 156, 157, 158, 159, 160, 17161, 17161, 163, 164, 165, 166, 167, 168, 169, 17161, 171, 17161, 173, 174, 175, 17161, 17161, 178, 179, 180, 181, 182, 183, 184, 185, 186, 17161, 188, 189, 190, 191, 17161, 193, 194
195, 194, 193, 192, 191, 190, 189, 188, 187, 186, 185, 184, 183, 182, 181, 180, 179, 178, 177, 176, 175, 174, 173, 172, 171, 170, 169, 168, 167, 166, 165, 164, 163, 162, 161, 160, 159, 158, 157, 156, 155, 154, 153, 152, 151, 150, 149, 148, 147, 146, 145, 144, 143, 142, 141, 140, 139, 138, 137, 136, 135, 134, 133, 132, 131, 130, 131, 132, 133, 134, 135, 136, 137, 138, 139, 140, 141, 142, 143, 144, 145, 146, 147, 148, 149, 150, 151, 152, 153, 154, 155, 156, 157, 158, 159, 160, 161, 162, 163, 164, 165, 166, 167, 168, 169, 170, 171, 172, 173, 174, 175, 176, 177, 178, 179, 180, 181, 182, 183, 184, 185, 186, 187, 188, 189, 190, 191, 192, 193, 194, 195
