0, 1, 2, 3, 4, 5, 6, 7, 8, 9, 10, 11, 12, 13, 14, 15, 16, 17, 18, 19, 20, 21, 22, 23, 24, 25, 26, 27, 28, 29, 30, 31, 32, 33, 34, 35, 36, 37, 38, 39, 40, 41, 42, 43, 44, 45, 46, 47, 48, 49, 50, 51, 52, 53, 54, 55, 56, 57, 58, 59, 60, 61, 62, 63, 64, 65, 66, 67, 68, 69, 70, 71, 72, 73, 74, 75, 76, 77, 78, 79, 80, 81, 82, 83, 84, 85, 86, 87, 88, 89, 90, 91, 92, 93, 94, 95, 96, 97, 98, 99, 100, 101, 102, 103, 104, 105, 106, 107, 108, 109, 110, 111, 112, 113, 114, 115, 116, 117, 118, 119, 120, 121, 122, 123, 124, 125, 126, 127, 128, 129, 130
1, 2, 3, 4, 5, 6, 7, 8, 9, 10, 11, 12, 13, 14, 15, 16, 17, 17161, 17161, 20, 21, 22, 23, 24, 25, 26, 27, 28, 17161, 30, 31, 32, 33, 17161, 35, 36, 37, 38, 39, 40, 41, 42, 43, 44, 45, 46, 47, 48, 49, 50, 17161, 17161, 53, 54, 55, 56, 57, 58, 59, 60, 61, 62, 63, 64, 65, 66, 67, 68, 69, 70, 71, 17161, 17161, 17161, 75, 76, 77, 78, 17161, 80, 81, 82, 83, 84, 85, 86, 87, 88, 89, 17161, 91, 92, 93, 17161, 95, 96, 17161, 98, 17161, 100, 101, 17161, 103, 104, 105, 106, 17161, 108, 109, 110, 111, 112, 113, 114, 17161, 17161, 117, 118, 119, 120, 121, 122, 123, 124, 125, 126, 127, 128, 129, 17161, 131
2, 17161, 4, 5, 6, 7, 8, 9, 10, 11, 17161, 13, 14, 15, 16, 17, 18, 19, 20, 21, 22, 17161, 24, 25, 26, 27, 17161, 29, 30, 31, 32, 33, 34, 35, 36, 17161, 38, 39, 40, 41, 42, 43, 44, 45, 46, 47, 48, 49, 50, 51, 52, 53, 54, 55, 56, 57, 58, 59, 60, 61, 62, 63, 64, 65, 66, 67, 68, 69, 70, 71, 72, 73, 74, 75, 76, 17161, 78, 79, 80, 81, 82, 17161, 84, 85, 86, 87, 88, 89, 90, 91, 92, 93, 94, 95, 17161, 97, 98, 17161, 102, 101, 17161, 105, 104, 105, 106, 107, 108, 109, 17161, 111, 112, 17161, 114, 115, 116, 117, 17161, 119, 120, 121, 122, 123, 124, 125, 126, 127, 17161, 129, 130, 131, 132
3, 17161, 5, 6, 7, 8, 9, 10, 11, 12, 13, 14, 15, 16, 17, 18, 19, 20, 21, 17161, 17161, 26, 17161, 26, 27, 28, 29, 30, 31, 32, 33, 34, 35, 36, 37, 17161, 39, 40, 41, 42, 43, 17161, 45, 46, 47, 48, 49, 50, 51, 52, 53, 54, 55, 56, 57, 58, 59, 60, 61, 62, 63, 64, 65, 66, 67, 68, 69, 70, 71, 72, 73, 74, 75, 17161, 77, 78, 79, 80, 81, 82, 83, 84, 17161, 86, 87, 88, 89, 90, 91, 92, 93, 94, 95, 96, 17161, 98, 99, 100, 101, 102, 103, 104, 105, 106, 107, 108, 109, 110, 111, 112, 113, 114, 115, 116, 117, 118, 119, 120, 121, 122, 17161, 124, 125, 126, 127, 128, 129, 130, 131, 132, 133
4, 5, 6, 7, 8, 9, 10, 11, 17161, 13, 14, 15, 17161, 17, 18, 19, 20, 21, 22, 23, 24, 25, 26, 27, 28, 29, 30, 17161, 32, 33, 34, 35, 17161, 37, 17161, 41, 40, 41, 17161, 43, 44, 45, 46, 47, 48, 49, 50, 51, 52, 53, 54, 55, 56, 57, 58, 59, 60, 61, 62, 63, 64, 65, 66, 67, 68, 69, 70, 71, 72, 73, 74, 75, 76, 77, 17161, 79, 80, 81, 82, 83, 84, 85, 86, 87, 88, 89, 90, 17161, 17161, 93, 94, 17161, 96, 97, 98, 17161, 100, 101, 102, 103, 17161, 105, 106, 107, 108, 109, 110, 111, 112, 113, 114, 115, 116, 117, 118, 119, 120, 121, 122, 123, 17161, 125, 126, 127, 128, 129, 130, 131, 132, 133, 134
5, 6, 17161, 8, 9, 17161, 17161, 12, 13, 14, 15, 16, 17, 18, 19, 20, 21, 22, 23, 17161, 25, 17161, 27, 28, 17161, 30, 31, 17161, 17161, 34, 35, 36, 37, 38, 39, 17161, 17161, 42, 43, 44, 45, 46, 47, 48, 49, 17161, 51, 52, 53, 54, 55, 56, 57, 17161, 59, 60, 17161, 62, 63, 64, 65, 66, 67, 68, 17161, 70, 71, 72, 73, 74, 75, 76, 77, 78, 79, 80, 81, 82, 83, 17161, 85, 17161, 87, 88, 17161, 90, 91, 92, 17161, 17161, 95, 96, 97, 98, 99, 100, 101, 102, 103, 104, 105, 106, 107, 108, 109, 110, 111, 112, 113, 114, 115, 116, 117, 118, 119, 17161, 121, 122, 123, 124, 125, 126, 127, 128, 129, 130, 131, 132, 133, 134, 135
6, 7, 8, 17161, 10, 11, 12, 13, 14, 15, 16, 17161, 18, 19, 20, 21, 22, 23, 24, 25, 26, 17161, 28, 17161, 32, 31, 32, 33, 34, 35, 36, 17161, 38, 39, 17161, 43, 44, 43, 44, 45, 46, 47, 17161, 49, 50, 51, 52, 53, 54, 55, 56, 57, 58, 17161, 60, 61, 62, 63, 64, 65, 66, 67, 68, 69, 17161, 71, 72, 73, 74, 75, 76, 77, 78, 79, 80, 81, 82, 83, 84, 85, 86, 17161, 88, 89, 90, 91, 92, 93, 17161, 97, 96, 97, 98, 99, 100, 101, 102, 103, 104, 105, 106, 107, 108, 109, 110, 111, 112, 113, 114, 115, 17161, 117, 118, 119, 120, 121, 122, 123, 17161, 125, 126, 127, 17161, 17161, 130, 131, 132, 17161, 134, 17161, 136
7, 17161, 9, 10, 11, 12, 17161, 14, 15, 16, 17, 18, 19, 20, 21, 22, 17161, 24, 25, 26, 27, 28, 29, 30, 31, 32, 33, 34, 35, 36, 37, 38, 39, 40, 41, 42, 17161, 44, 45, 46, 47, 48, 49, 50, 17161, 52, 53, 54, 55, 56, 57, 17161, 59, 60, 17161, 62, 63, 64, 65, 66, 67, 68, 69, 70, 17161, 72, 73, 17161, 75, 76, 77, 78, 79, 80, 81, 82, 83, 17161, 85, 86, 87, 88, 89, 90, 91, 92, 93, 94, 17161, 98, 97, 17161, 99, 100, 17161, 17161, 103, 104, 105, 17161, 107, 108, 109, 110, 111, 112, 113, 114, 115, 17161, 17161, 118, 119, 120, 121, 122, 123, 124, 125, 126, 17161, 128, 129, 130, 131, 132, 133, 134, 135, 136, 137
8, 9, 10, 11, 12, 17161, 16, 15, 16, 17, 18, 19, 20, 21, 22, 17161, 26, 25, 17161, 27, 28, 29, 30, 31, 32, 17161, 34, 35, 36, 37, 38, 39, 40, 41, 42, 17161, 46, 45, 46, 47, 48, 49, 50, 51, 52, 17161, 54, 55, 56, 57, 58, 59, 17161, 61, 62, 63, 64, 65, 66, 67, 68, 69, 70, 71, 72, 73, 74, 75, 76, 77, 78, 79, 80, 81, 82, 83, 84, 85, 86, 87, 88, 89, 17161, 91, 92, 93, 94, 95, 96, 97, 98, 99, 17161, 101, 102, 103, 104, 105, 106, 107, 108, 109, 110, 111, 112, 113, 114, 115, 116, 117, 118, 119, 120, 17161, 17161, 123, 124, 125, 17161, 127, 128, 17161, 130, 131, 132, 133, 134, 135, 136, 137, 138
9, 10, 17161, 17161, 13, 14, 15, 16, 17, 18, 19, 20, 21, 22, 23, 24, 25, 26, 17161, 28, 29, 30, 31, 32, 33, 34, 35, 36, 37, 38, 39, 40, 41, 17161, 43, 44, 45, 46, 47, 48, 49, 50, 17161, 52, 53, 54, 55, 56, 57, 58, 59, 60, 17161, 62, 63, 64, 65, 66, 67, 68, 69, 70, 71, 72, 73, 74, 75, 76, 77, 78, 79, 80, 81, 82, 83, 84, 85, 86, 87, 88, 89, 90, 91, 17161, 93, 94, 95, 17161, 97, 98, 99, 17161, 103, 102, 103, 104, 105, 17161, 107, 108, 109, 110, 111, 112, 113, 114, 115, 116, 117, 118, 17161, 120, 121, 17161, 17161, 17161, 125, 126, 127, 17161, 129, 130, 17161, 132, 133, 134, 135, 17161, 137, 138, 139
10, 11, 12, 13, 14, 15, 16, 17, 18, 19, 20, 17161, 22, 23, 24, 25, 26, 27, 28, 29, 30, 31, 32, 33, 34, 35, 36, 37, 38, 39, 40, 41, 42, 43, 17161, 45, 46, 47, 48, 17161, 17161, 17161, 54, 53, 17161, 17161, 56, 57, 58, 59, 60, 61, 62, 63, 64, 65, 66, 67, 68, 17161, 70, 17161, 17161, 73, 74, 75, 76, 77, 17161, 17161, 80, 81, 82, 83, 84, 85, 86, 87, 88, 17161, 90, 17161, 92, 93, 94, 95, 96, 97, 98, 99, 17161, 103, 104, 17161, 104, 105, 106, 107, 108, 17161, 110, 111, 112, 113, 114, 115, 116, 117, 118, 119, 120, 121, 122, 123, 124, 125, 126, 127, 128, 129, 130, 131, 132, 133, 134, 135, 136, 137, 138, 139, 140
11, 12, 13, 14, 15, 16, 17, 18, 19, 17161, 21, 22, 17161, 24, 25, 26, 27, 28, 17161, 30, 31, 32, 33, 17161, 35, 17161, 37, 17161, 39, 40, 41, 42, 43, 44, 45, 46, 47, 48, 49, 50, 51, 52, 53, 54, 55, 56, 57, 58, 17161, 60, 17161, 62, 63, 64, 65, 66, 67, 68, 69, 70, 71, 72, 73, 74, 75, 76, 77, 78, 79, 17161, 81, 82, 83, 84, 85, 86, 87, 88, 89, 90, 91, 92, 93, 94, 95, 96, 97, 98, 99, 100, 101, 102, 103, 104, 105, 106, 107, 17161, 109, 110, 111, 112, 17161, 114, 115, 116, 17161, 118, 119, 120, 121, 122, 123, 124, 125, 126, 127, 128, 129, 130, 131, 132, 17161, 17161, 135, 136, 17161, 138, 17161, 140, 141
12, 17161, 14, 15, 16, 17, 17161, 17161, 20, 21, 22, 17161, 17161, 25, 26, 17161, 28, 29, 30, 31, 32, 33, 34, 35, 36, 37, 38, 39, 40, 41, 42, 17161, 17161, 45, 17161, 47, 48, 49, 17161, 51, 52, 53, 54, 55, 56, 57, 17161, 17161, 62, 61, 62, 63, 64, 65, 66, 67, 68, 69, 70, 71, 72, 17161, 74, 75, 17161, 77, 17161, 79, 80, 81, 82, 83, 84, 17161, 86, 87, 88, 89, 90, 91, 92, 17161, 94, 95, 17161, 97, 98, 99, 100, 101, 102, 103, 17161, 105, 17161, 107, 108, 109, 110, 111, 112, 113, 17161, 115, 116, 117, 118, 119, 120, 17161, 122, 123, 124, 125, 126, 17161, 128, 129, 130, 131, 17161, 133, 134, 135, 17161, 137, 138, 139, 140, 141, 142
13, 14, 15, 16, 17, 18, 19, 20, 21, 22, 23, 24, 25, 17161, 27, 28, 29, 30, 31, 32, 33, 34, 35, 17161, 37, 38, 39, 40, 41, 42, 43, 44, 45, 46, 47, 48, 17161, 50, 51, 52, 53, 54, 55, 56, 57, 58, 59, 60, 61, 62, 63, 64, 65, 66, 67, 68, 17161, 70, 71, 72, 73, 74, 75, 76, 77, 78, 79, 80, 81, 82, 83, 84, 85, 17161, 87, 88, 89, 90, 91, 92, 93, 94, 95, 96, 97, 98, 99, 100, 17161, 17161, 103, 104, 105, 106, 107, 17161, 109, 110, 111, 17161, 113, 114, 115, 116, 117, 118, 119, 120, 17161, 124, 123, 124, 125, 17161, 17161, 130, 129, 130, 131, 132, 133, 134, 17161, 136, 137, 17161, 139, 140, 141, 142, 143
14, 17161, 17161, 17, 18, 17161, 20, 21, 22, 23, 24, 17161, 26, 27, 28, 29, 17161, 31, 32, 33, 34, 35, 36, 37, 38, 17161, 17161, 41, 42, 43, 44, 45, 17161, 47, 17161, 49, 50, 51, 52, 53, 54, 55, 56, 57, 58, 59, 60, 17161, 62, 63, 64, 65, 66, 67, 68, 69, 70, 71, 17161, 73, 74, 75, 76, 77, 78, 79, 80, 81, 82, 83, 84, 85, 86, 87, 88, 89, 90, 91, 92, 93, 94, 95, 96, 97, 98, 99, 100, 101, 102, 103, 17161, 17161, 106, 107, 108, 109, 110, 111, 17161, 115, 114, 115, 116, 117, 118, 119, 120, 121, 122, 123, 124, 17161, 126, 127, 17161, 131, 130, 131, 132, 133, 134, 135, 136, 137, 138, 139, 140, 141, 17161, 17161, 144
15, 17161, 19, 18, 19, 20, 21, 17161, 23, 24, 25, 26, 27, 28, 29, 30, 17161, 17161, 33, 34, 35, 36, 37, 38, 39, 40, 41, 42, 43, 44, 45, 17161, 49, 48, 49, 50, 17161, 17161, 53, 54, 55, 17161, 17161, 58, 59, 60, 61, 62, 63, 64, 65, 66, 67, 68, 69, 70, 71, 72, 73, 74, 75, 76, 77, 78, 79, 80, 17161, 82, 83, 17161, 85, 86, 87, 88, 89, 90, 91, 92, 93, 94, 95, 96, 97, 98, 99, 100, 101, 102, 103, 17161, 17161, 108, 107, 108, 17161, 110, 111, 112, 113, 114, 115, 17161, 117, 118, 119, 120, 121, 122, 123, 17161, 125, 126, 127, 128, 129, 130, 131, 132, 133, 17161, 135, 136, 137, 138, 139, 140, 141, 17161, 145, 146, 145
16, 17, 18, 19, 20, 17161, 22, 23, 24, 25, 26, 27, 28, 29, 30, 31, 32, 33, 34, 35, 36, 37, 38, 39, 40, 17161, 42, 43, 44, 17161, 46, 47, 17161, 49, 50, 51, 52, 53, 54, 17161, 56, 57, 58, 59, 17161, 61, 62, 63, 64, 65, 66, 67, 68, 69, 70, 71, 72, 73, 74, 75, 76, 17161, 78, 79, 80, 81, 17161, 83, 84, 17161, 86, 87, 88, 17161, 90, 91, 92, 93, 94, 95, 96, 97, 98, 99, 100, 101, 102, 103, 104, 105, 106, 107, 108, 109, 110, 111, 112, 113, 17161, 115, 116, 117, 17161, 119, 120, 121, 122, 123, 124, 125, 126, 127, 128, 129, 17161, 131, 17161, 133, 134, 135, 136, 137, 138, 139, 140, 141, 142, 143, 144, 145, 146
17, 18, 19, 17161, 21, 22, 23, 24, 25, 17161, 27, 28, 29, 30, 17161, 17161, 33, 34, 35, 36, 37, 17161, 17161, 40, 41, 42, 17161, 44, 17161, 48, 47, 48, 49, 50, 51, 52, 53, 17161, 17161, 58, 57, 58, 17161, 60, 17161, 62, 63, 64, 65, 66, 67, 68, 69, 70, 71, 72, 17161, 17161, 17161, 17161, 77, 78, 79, 17161, 81, 82, 83, 84, 85, 86, 87, 17161, 89, 90, 91, 92, 93, 94, 95, 96, 97, 98, 99, 100, 101, 102, 103, 104, 105, 106, 107, 108, 109, 110, 111, 17161, 113, 114, 115, 116, 117, 118, 119, 120, 121, 17161, 123, 124, 125, 126, 17161, 128, 129, 130, 131, 132, 133, 134, 135, 136, 137, 17161, 139, 17161, 141, 142, 143, 144, 145, 146, 147
18, 19, 20, 21, 22, 23, 24, 17161, 26, 17161, 28, 29, 30, 31, 17161, 35, 34, 35, 36, 37, 17161, 43, 42, 41, 42, 43, 44, 17161, 50, 49, 48, 49, 50, 51, 52, 53, 17161, 59, 60, 17161, 58, 59, 60, 61, 62, 63, 64, 65, 66, 67, 68, 69, 70, 71, 72, 73, 74, 17161, 78, 79, 78, 79, 17161, 83, 82, 83, 17161, 85, 17161, 17161, 88, 89, 90, 91, 92, 93, 94, 95, 96, 97, 98, 99, 100, 101, 102, 103, 104, 105, 106, 17161, 108, 109, 110, 17161, 17161, 115, 114, 115, 116, 17161, 118, 119, 120, 121, 122, 17161, 124, 125, 17161, 127, 17161, 129, 130, 131, 132, 133, 17161, 135, 136, 137, 17161, 17161, 140, 141, 142, 143, 144, 17161, 146, 147, 148
19, 20, 21, 22, 23, 24, 25, 17161, 17161, 30, 29, 17161, 17161, 32, 33, 17161, 35, 36, 37, 38, 39, 17161, 43, 17161, 43, 44, 17161, 48, 49, 50, 49, 50, 51, 52, 53, 17161, 57, 58, 59, 60, 59, 60, 61, 62, 63, 64, 65, 66, 67, 68, 69, 70, 71, 72, 73, 74, 75, 76, 77, 78, 79, 80, 81, 82, 83, 84, 85, 86, 87, 88, 89, 17161, 91, 17161, 93, 94, 95, 17161, 17161, 17161, 17161, 100, 101, 102, 103, 104, 105, 106, 107, 17161, 17161, 110, 17161, 116, 117, 116, 115, 116, 117, 118, 17161, 120, 121, 122, 123, 124, 17161, 17161, 129, 128, 129, 130, 17161, 132, 133, 134, 135, 136, 17161, 138, 17161, 146, 17161, 142, 143, 144, 145, 146, 147, 148, 149
20, 21, 17161, 23, 24, 25, 26, 27, 28, 17161, 30, 31, 32, 33, 34, 35, 17161, 37, 38, 39, 40, 41, 42, 43, 17161, 45, 46, 47, 48, 49, 50, 51, 17161, 53, 54, 55, 56, 57, 58, 17161, 60, 61, 62, 63, 64, 65, 66, 67, 68, 69, 70, 71, 72, 73, 74, 75, 76, 17161, 78, 17161, 17161, 17161, 82, 83, 84, 85, 86, 87, 88, 89, 90, 17161, 92, 93, 17161, 95, 96, 97, 98, 99, 100, 101, 102, 103, 104, 105, 106, 107, 108, 109, 110, 111, 17161, 115, 116, 17161, 17161, 17161, 118, 17161, 122, 121, 122, 123, 17161, 125, 126, 127, 128, 129, 130, 17161, 134, 133, 134, 17161, 136, 137, 138, 17161, 17161, 145, 144, 143, 144, 145, 146, 147, 148, 149, 150
21, 22, 23, 24, 17161, 26, 27, 28, 29, 30, 31, 32, 17161, 34, 35, 36, 17161, 38, 39, 40, 41, 17161, 43, 44, 45, 46, 47, 48, 49, 50, 51, 52, 53, 54, 55, 56, 17161, 58, 59, 60, 61, 62, 63, 64, 65, 66, 67, 68, 69, 70, 71, 72, 73, 74, 75, 17161, 77, 17161, 79, 80, 17161, 84, 83, 17161, 85, 86, 87, 88, 89, 17161, 91, 92, 93, 94, 95, 96, 97, 17161, 99, 100, 101, 102, 103, 104, 105, 106, 107, 108, 109, 110, 111, 112, 113, 114, 17161, 118, 119, 120, 119, 120, 121, 122, 123, 124, 125, 126, 17161, 128, 129, 130, 131, 132, 17161, 134, 135, 136, 137, 138, 139, 140, 17161, 146, 17161, 144, 145, 146, 147, 148, 17161, 150, 151
22, 23, 24, 25, 26, 17161, 28, 17161, 30, 31, 32, 33, 34, 17161, 36, 37, 17161, 17161, 40, 41, 42, 43, 44, 45, 46, 47, 48, 49, 17161, 17161, 52, 17161, 54, 55, 56, 57, 17161, 17161, 60, 61, 62, 63, 64, 65, 66, 67, 68, 69, 70, 71, 72, 17161, 17161, 75, 76, 77, 78, 79, 80, 81, 82, 83, 84, 85, 86, 87, 88, 89, 17161, 93, 92, 93, 94, 95, 96, 97, 98, 99, 100, 101, 17161, 17161, 104, 105, 106, 107, 108, 109, 110, 111, 112, 113, 114, 115, 116, 117, 118, 119, 120, 121, 17161, 123, 124, 125, 126, 17161, 132, 17161, 130, 131, 132, 133, 134, 135, 17161, 137, 138, 139, 140, 17161, 17161, 147, 148, 17161, 146, 147, 148, 149, 150, 17161, 152
23, 24, 25, 26, 17161, 30, 29, 30, 31, 32, 17161, 34, 35, 36, 37, 38, 39, 40, 41, 42, 43, 44, 45, 46, 47, 48, 49, 50, 51, 52, 17161, 56, 55, 56, 17161, 58, 59, 60, 61, 62, 63, 64, 65, 66, 67, 68, 17161, 70, 71, 72, 73, 74, 75, 76, 77, 78, 79, 80, 81, 82, 83, 84, 85, 17161, 87, 88, 89, 90, 91, 92, 17161, 94, 95, 17161, 97, 17161, 99, 100, 101, 102, 103, 104, 105, 17161, 17161, 108, 109, 110, 111, 112, 113, 114, 115, 17161, 117, 118, 119, 120, 121, 122, 17161, 124, 125, 126, 17161, 130, 131, 132, 131, 17161, 17161, 134, 135, 136, 137, 138, 139, 140, 141, 17161, 145, 146, 147, 148, 147, 148, 149, 17161, 151, 152, 153
24, 25, 26, 27, 28, 29, 30, 17161, 32, 17161, 36, 35, 36, 37, 38, 39, 40, 17161, 42, 43, 44, 45, 46, 47, 48, 49, 50, 17161, 52, 53, 54, 17161, 56, 57, 17161, 59, 60, 61, 62, 63, 64, 65, 66, 67, 68, 17161, 17161, 71, 72, 73, 74, 75, 76, 77, 78, 79, 80, 81, 82, 83, 84, 17161, 86, 87, 88, 89, 17161, 91, 92, 93, 94, 95, 96, 97, 98, 99, 100, 17161, 102, 17161, 104, 105, 106, 107, 17161, 109, 110, 111, 112, 113, 114, 115, 116, 117, 17161, 119, 120, 17161, 122, 123, 124, 17161, 126, 127, 128, 129, 130, 131, 132, 133, 134, 135, 136, 137, 138, 139, 17161, 141, 142, 143, 144, 145, 146, 147, 148, 149, 17161, 153, 152, 153, 154
25, 26, 27, 28, 29, 17161, 31, 32, 33, 34, 17161, 36, 37, 38, 39, 40, 41, 42, 43, 44, 45, 46, 47, 48, 49, 50, 51, 52, 53, 54, 55, 56, 57, 58, 59, 60, 61, 62, 63, 64, 65, 66, 67, 68, 69, 70, 71, 72, 17161, 74, 75, 76, 77, 78, 79, 80, 81, 82, 17161, 84, 85, 86, 87, 88, 89, 90, 17161, 17161, 17161, 94, 95, 96, 97, 17161, 99, 100, 101, 102, 103, 104, 105, 106, 107, 108, 109, 110, 111, 112, 113, 114, 115, 116, 117, 118, 119, 120, 121, 122, 123, 124, 125, 126, 127, 128, 17161, 17161, 131, 132, 133, 134, 135, 136, 137, 138, 139, 140, 17161, 142, 17161, 144, 17161, 146, 147, 148, 149, 150, 151, 152, 153, 154, 155
26, 27, 17161, 29, 30, 31, 32, 17161, 17161, 17161, 38, 37, 38, 39, 40, 41, 42, 17161, 44, 45, 46, 47, 48, 49, 50, 51, 52, 53, 54, 17161, 56, 57, 58, 17161, 60, 61, 62, 63, 64, 65, 66, 67, 68, 17161, 70, 71, 72, 73, 74, 75, 17161, 77, 78, 79, 80, 81, 82, 83, 84, 17161, 86, 87, 17161, 89, 90, 91, 92, 93, 17161, 95, 96, 97, 98, 99, 100, 101, 102, 103, 104, 17161, 106, 107, 108, 109, 110, 111, 112, 113, 114, 115, 116, 117, 118, 119, 120, 121, 122, 123, 124, 17161, 126, 127, 17161, 129, 130, 131, 132, 133, 134, 135, 17161, 137, 138, 139, 140, 141, 142, 143, 17161, 145, 17161, 147, 148, 149, 150, 151, 17161, 17161, 154, 155, 156
27, 28, 29, 30, 31, 32, 33, 34, 35, 36, 37, 17161, 39, 40, 41, 42, 17161, 46, 45, 46, 17161, 48, 49, 50, 51, 17161, 53, 54, 55, 56, 57, 58, 59, 60, 17161, 62, 63, 64, 65, 66, 67, 68, 17161, 72, 17161, 17161, 73, 17161, 17161, 76, 77, 78, 79, 80, 81, 82, 83, 84, 85, 86, 87, 88, 89, 90, 91, 92, 17161, 17161, 17161, 96, 17161, 98, 99, 100, 17161, 17161, 103, 104, 105, 106, 17161, 108, 17161, 110, 111, 112, 113, 114, 115, 116, 117, 118, 119, 120, 121, 122, 123, 124, 125, 126, 127, 128, 129, 130, 131, 17161, 133, 134, 135, 17161, 17161, 17161, 139, 140, 141, 142, 143, 144, 145, 146, 147, 148, 149, 17161, 151, 152, 153, 154, 155, 156, 157
28, 29, 30, 31, 32, 33, 34, 35, 36, 37, 38, 17161, 17161, 17161, 17161, 43, 44, 45, 46, 47, 17161, 17161, 50, 17161, 52, 53, 54, 55, 17161, 57, 58, 59, 60, 61, 62, 63, 64, 65, 66, 67, 68, 69, 70, 71, 72, 73, 74, 75, 17161, 17161, 78, 79, 80, 81, 82, 17161, 84, 85, 86, 17161, 88, 89, 17161, 91, 17161, 93, 17161, 99, 98, 97, 98, 99, 100, 101, 102, 103, 104, 105, 106, 17161, 110, 109, 17161, 111, 112, 113, 114, 115, 17161, 117, 118, 119, 120, 121, 122, 123, 124, 125, 17161, 127, 17161, 129, 130, 131, 17161, 17161, 134, 135, 136, 137, 138, 139, 140, 141, 142, 143, 144, 145, 146, 147, 148, 17161, 150, 151, 152, 153, 154, 155, 156, 17161, 158
29, 30, 31, 17161, 33, 34, 35, 36, 37, 38, 39, 17161, 43, 17161, 45, 44, 45, 46, 47, 48, 49, 50, 51, 52, 53, 54, 55, 56, 57, 58, 59, 60, 61, 62, 63, 64, 65, 66, 67, 68, 17161, 70, 17161, 17161, 73, 74, 75, 17161, 81, 17161, 79, 80, 17161, 82, 83, 84, 85, 17161, 87, 88, 89, 90, 91, 92, 93, 94, 17161, 98, 99, 98, 17161, 100, 101, 17161, 103, 104, 17161, 106, 107, 108, 109, 110, 17161, 112, 113, 114, 115, 116, 117, 118, 119, 120, 121, 122, 123, 124, 125, 126, 127, 17161, 131, 130, 131, 132, 133, 134, 135, 136, 137, 138, 139, 140, 141, 142, 17161, 144, 145, 17161, 17161, 17161, 17161, 152, 151, 152, 17161, 154, 155, 156, 157, 158, 159
30, 31, 32, 33, 34, 35, 36, 37, 38, 39, 40, 41, 42, 43, 44, 45, 17161, 17161, 48, 49, 50, 51, 52, 53, 54, 17161, 56, 57, 58, 59, 60, 17161, 62, 63, 64, 65, 66, 67, 68, 69, 70, 71, 72, 17161, 74, 75, 17161, 79, 80, 81, 80, 81, 82, 17161, 17161, 85, 86, 87, 88, 89, 90, 17161, 92, 17161, 94, 95, 96, 97, 98, 99, 100, 17161, 102, 103, 104, 105, 106, 107, 108, 109, 110, 111, 112, 113, 114, 115, 116, 117, 118, 119, 120, 121, 122, 123, 124, 125, 126, 127, 128, 17161, 132, 131, 132, 133, 134, 135, 136, 137, 138, 17161, 140, 141, 142, 143, 144, 145, 146, 147, 148, 149, 150, 151, 17161, 153, 154, 155, 156, 157, 158, 159, 160
31, 32, 33, 34, 35, 36, 17161, 38, 39, 40, 41, 42, 43, 44, 45, 46, 47, 48, 49, 17161, 51, 52, 53, 17161, 55, 56, 57, 58, 59, 60, 61, 62, 63, 64, 65, 66, 67, 68, 69, 70, 71, 17161, 73, 74, 75, 76, 77, 78, 79, 17161, 81, 82, 83, 84, 85, 86, 87, 88, 89, 90, 91, 17161, 93, 94, 95, 96, 97, 98, 99, 17161, 101, 17161, 103, 104, 105, 17161, 107, 108, 17161, 110, 111, 112, 113, 114, 115, 116, 117, 17161, 119, 120, 121, 122, 123, 124, 125, 126, 127, 128, 129, 130, 131, 132, 133, 17161, 135, 136, 137, 138, 139, 17161, 141, 142, 143, 17161, 145, 146, 147, 148, 149, 150, 151, 17161, 155, 154, 155, 156, 157, 158, 159, 160, 161
32, 33, 34, 35, 17161, 37, 38, 39, 40, 17161, 42, 43, 44, 45, 17161, 47, 48, 49, 50, 51, 52, 17161, 54, 55, 17161, 57, 58, 59, 60, 61, 62, 63, 64, 65, 66, 67, 68, 69, 70, 71, 17161, 17161, 74, 75, 76, 17161, 78, 79, 80, 81, 82, 17161, 84, 85, 86, 87, 88, 89, 90, 91, 17161, 95, 94, 95, 96, 97, 98, 99, 100, 101, 102, 17161, 17161, 105, 106, 107, 108, 109, 110, 111, 112, 113, 17161, 17161, 116, 117, 118, 119, 120, 17161, 17161, 123, 124, 125, 126, 127, 128, 129, 130, 131, 132, 133, 17161, 137, 17161, 137, 17161, 139, 17161, 143, 142, 143, 144, 145, 146, 147, 148, 149, 150, 151, 152, 153, 154, 155, 156, 157, 17161, 159, 160, 161, 162
33, 17161, 17161, 36, 37, 38, 39, 40, 41, 42, 43, 44, 45, 46, 47, 48, 49, 50, 51, 52, 17161, 56, 55, 17161, 59, 58, 59, 60, 61, 62, 63, 64, 65, 66, 67, 68, 69, 70, 71, 72, 73, 74, 75, 76, 77, 78, 79, 80, 81, 82, 83, 84, 17161, 17161, 87, 88, 17161, 90, 91, 92, 93, 94, 95, 96, 97, 98, 99, 100, 101, 102, 17161, 17161, 17161, 106, 107, 17161, 109, 110, 111, 112, 113, 114, 115, 116, 117, 17161, 119, 120, 121, 122, 123, 124, 125, 126, 127, 128, 129, 130, 131, 132, 133, 134, 135, 136, 137, 138, 139, 140, 141, 17161, 143, 144, 145, 146, 147, 17161, 149, 150, 151, 152, 153, 154, 155, 156, 157, 158, 159, 160, 161, 162, 163
34, 35, 36, 37, 38, 39, 40, 41, 17161, 43, 44, 45, 46, 47, 48, 49, 50, 51, 52, 53, 54, 55, 17161, 61, 60, 59, 60, 61, 62, 63, 64, 65, 66, 67, 68, 69, 70, 71, 72, 73, 74, 75, 76, 17161, 17161, 79, 17161, 81, 82, 83, 84, 85, 17161, 89, 17161, 89, 90, 91, 92, 93, 17161, 95, 17161, 97, 98, 99, 100, 101, 102, 17161, 106, 107, 108, 107, 108, 109, 110, 17161, 112, 17161, 114, 17161, 116, 117, 118, 17161, 120, 121, 122, 123, 124, 17161, 126, 127, 128, 17161, 130, 131, 132, 133, 134, 135, 136, 137, 138, 139, 140, 141, 142, 17161, 144, 145, 146, 147, 148, 149, 17161, 151, 17161, 17161, 154, 17161, 17161, 157, 158, 17161, 160, 17161, 162, 17161, 164
35, 36, 17161, 38, 39, 17161, 41, 42, 43, 44, 45, 46, 47, 48, 49, 17161, 51, 52, 53, 54, 55, 17161, 59, 60, 17161, 60, 61, 62, 63, 64, 65, 66, 67, 68, 17161, 70, 71, 72, 73, 74, 75, 17161, 77, 17161, 81, 80, 81, 82, 17161, 84, 17161, 86, 87, 88, 17161, 90, 91, 92, 17161, 94, 17161, 96, 97, 98, 99, 100, 101, 102, 103, 104, 105, 17161, 109, 108, 109, 110, 111, 112, 113, 17161, 115, 116, 117, 17161, 119, 120, 121, 122, 123, 124, 125, 17161, 127, 128, 129, 130, 131, 132, 133, 134, 135, 136, 137, 138, 139, 140, 141, 142, 143, 144, 145, 146, 17161, 17161, 149, 150, 151, 152, 153, 154, 155, 156, 157, 158, 159, 160, 17161, 164, 163, 164, 165
36, 37, 38, 39, 40, 41, 17161, 43, 44, 45, 46, 17161, 48, 17161, 50, 51, 52, 53, 54, 55, 56, 57, 58, 59, 60, 61, 62, 63, 64, 65, 66, 67, 68, 69, 70, 71, 72, 73, 74, 17161, 76, 77, 78, 79, 17161, 81, 82, 83, 84, 85, 17161, 87, 88, 17161, 92, 91, 92, 17161, 96, 95, 96, 97, 98, 99, 100, 101, 17161, 103, 104, 17161, 106, 17161, 110, 109, 110, 111, 112, 113, 114, 115, 116, 117, 118, 119, 120, 121, 122, 123, 124, 125, 126, 17161, 128, 17161, 130, 131, 132, 133, 134, 135, 136, 137, 138, 139, 140, 141, 142, 143, 144, 145, 146, 147, 148, 149, 150, 17161, 152, 17161, 17161, 155, 156, 157, 158, 159, 160, 161, 162, 163, 164, 165, 166
37, 38, 39, 40, 41, 42, 43, 44, 45, 46, 47, 48, 49, 50, 17161, 52, 53, 17161, 55, 56, 57, 58, 59, 60, 61, 62, 63, 64, 65, 66, 67, 68, 17161, 70, 71, 72, 17161, 17161, 75, 76, 77, 78, 79, 17161, 83, 17161, 83, 17161, 85, 17161, 89, 88, 17161, 92, 93, 92, 93, 94, 17161, 96, 97, 98, 99, 100, 101, 102, 103, 104, 17161, 17161, 17161, 110, 111, 110, 111, 112, 113, 17161, 115, 116, 117, 118, 119, 120, 121, 122, 123, 124, 125, 126, 17161, 130, 129, 130, 131, 17161, 17161, 134, 135, 136, 137, 138, 139, 140, 141, 142, 143, 144, 145, 146, 17161, 17161, 149, 150, 17161, 154, 153, 17161, 157, 156, 17161, 17161, 159, 160, 161, 162, 163, 164, 165, 17161, 167
38, 39, 40, 41, 42, 17161, 44, 45, 46, 17161, 48, 17161, 50, 51, 52, 53, 54, 55, 17161, 57, 58, 59, 60, 61, 62, 63, 64, 65, 66, 67, 68, 17161, 72, 71, 17161, 73, 17161, 77, 76, 77, 78, 79, 80, 81, 82, 83, 84, 85, 86, 87, 88, 89, 90, 91, 92, 93, 94, 95, 96, 97, 98, 99, 100, 101, 102, 103, 104, 105, 106, 107, 108, 109, 110, 111, 17161, 113, 114, 115, 116, 117, 118, 119, 120, 121, 122, 123, 124, 125, 126, 127, 128, 129, 130, 17161, 132, 133, 17161, 135, 136, 137, 138, 139, 140, 141, 142, 143, 144, 145, 146, 147, 148, 149, 150, 151, 17161, 155, 154, 155, 156, 157, 158, 159, 160, 161, 162, 163, 164, 165, 166, 167, 168
39, 40, 41, 42, 43, 44, 45, 46, 17161, 50, 49, 17161, 51, 52, 17161, 54, 55, 56, 57, 58, 59, 60, 61, 62, 63, 64, 65, 66, 67, 68, 69, 70, 71, 72, 73, 17161, 77, 78, 77, 78, 17161, 80, 17161, 82, 83, 84, 85, 86, 87, 88, 89, 90, 91, 92, 93, 94, 17161, 96, 97, 98, 99, 17161, 101, 102, 103, 104, 105, 106, 107, 108, 109, 110, 17161, 112, 113, 114, 115, 116, 117, 118, 119, 120, 121, 122, 17161, 124, 17161, 126, 127, 128, 17161, 130, 17161, 134, 133, 134, 135, 136, 137, 17161, 139, 140, 141, 142, 143, 144, 145, 146, 147, 148, 149, 150, 151, 152, 17161, 17161, 155, 156, 157, 158, 159, 17161, 17161, 162, 163, 164, 165, 166, 17161, 168, 169
40, 41, 42, 43, 44, 17161, 17161, 47, 48, 49, 50, 51, 52, 53, 54, 55, 17161, 57, 58, 59, 60, 61, 62, 63, 64, 65, 66, 67, 68, 69, 70, 71, 72, 73, 74, 75, 76, 77, 78, 17161, 17161, 17161, 84, 83, 84, 85, 86, 87, 88, 89, 17161, 91, 17161, 17161, 94, 95, 96, 17161, 98, 17161, 100, 101, 17161, 103, 17161, 105, 106, 107, 17161, 109, 110, 111, 112, 113, 114, 115, 116, 117, 118, 119, 120, 121, 122, 123, 17161, 125, 126, 127, 17161, 129, 130, 17161, 134, 135, 134, 17161, 136, 137, 138, 139, 140, 141, 142, 143, 144, 145, 146, 147, 148, 149, 150, 151, 152, 153, 154, 155, 156, 17161, 158, 159, 160, 161, 162, 163, 164, 165, 166, 167, 168, 169, 170
41, 42, 43, 44, 45, 46, 47, 48, 49, 50, 51, 17161, 53, 54, 55, 56, 57, 58, 59, 60, 61, 62, 63, 64, 65, 66, 67, 68, 69, 70, 71, 17161, 73, 17161, 75, 76, 77, 78, 17161, 17161, 17161, 86, 85, 84, 85, 86, 87, 88, 89, 90, 91, 92, 17161, 17161, 95, 96, 97, 98, 17161, 104, 17161, 102, 103, 17161, 107, 106, 107, 108, 109, 110, 111, 112, 113, 114, 115, 116, 117, 118, 17161, 120, 121, 122, 123, 17161, 127, 126, 127, 128, 129, 130, 131, 132, 133, 134, 135, 136, 137, 17161, 139, 140, 141, 142, 143, 144, 145, 146, 147, 148, 149, 150, 151, 152, 17161, 154, 155, 156, 157, 17161, 159, 160, 17161, 162, 163, 164, 165, 166, 167, 168, 169, 170, 171
42, 43, 44, 45, 17161, 47, 48, 49, 17161, 51, 52, 53, 54, 55, 56, 57, 58, 59, 60, 17161, 62, 63, 64, 65, 66, 67, 68, 69, 70, 71, 72, 73, 74, 75, 76, 77, 78, 79, 80, 17161, 86, 87, 86, 85, 86, 87, 88, 89, 90, 91, 92, 93, 94, 95, 96, 97, 98, 99, 17161, 103, 104, 103, 104, 105, 17161, 107, 108, 109, 110, 17161, 112, 113, 114, 115, 17161, 117, 118, 119, 120, 121, 122, 123, 124, 125, 126, 127, 128, 129, 130, 131, 132, 133, 134, 135, 136, 137, 138, 17161, 140, 141, 142, 143, 144, 145, 146, 147, 148, 149, 150, 151, 152, 153, 154, 17161, 156, 157, 158, 159, 160, 17161, 164, 163, 17161, 165, 166, 167, 17161, 169, 170, 171, 172
43, 44, 45, 46, 47, 48, 49, 17161, 53, 52, 53, 54, 17161, 56, 17161, 58, 59, 60, 61, 62, 63, 64, 65, 66, 67, 68, 17161, 70, 71, 72, 73, 17161, 75, 76, 77, 78, 79, 80, 81, 17161, 85, 86, 87, 86, 17161, 17161, 17161, 90, 91, 92, 93, 94, 95, 96, 97, 98, 99, 100, 101, 102, 103, 104, 105, 17161, 109, 108, 109, 110, 111, 112, 113, 114, 115, 116, 117, 118, 119, 120, 121, 17161, 123, 124, 125, 126, 127, 128, 129, 17161, 131, 132, 17161, 134, 135, 136, 137, 138, 139, 140, 17161, 17161, 143, 17161, 145, 146, 147, 148, 149, 150, 151, 152, 153, 154, 17161, 158, 157, 158, 159, 17161, 161, 162, 163, 164, 165, 166, 167, 168, 169, 170, 171, 172, 173
44, 45, 46, 47, 17161, 17161, 50, 51, 52, 17161, 54, 55, 56, 57, 17161, 59, 17161, 61, 62, 63, 64, 65, 66, 67, 68, 69, 70, 17161, 17161, 17161, 74, 75, 76, 77, 78, 79, 80, 81, 82, 83, 84, 85, 86, 87, 88, 89, 90, 17161, 92, 93, 17161, 95, 96, 97, 98, 99, 17161, 17161, 102, 103, 104, 105, 106, 107, 108, 109, 110, 17161, 112, 113, 114, 115, 116, 117, 118, 119, 120, 121, 122, 17161, 124, 125, 126, 17161, 128, 129, 130, 131, 17161, 133, 134, 135, 136, 137, 138, 139, 140, 141, 142, 17161, 144, 145, 146, 147, 17161, 149, 150, 151, 152, 153, 154, 155, 156, 157, 158, 159, 17161, 163, 162, 17161, 17161, 165, 166, 167, 168, 169, 170, 171, 172, 173, 174
45, 46, 47, 48, 49, 50, 51, 52, 53, 17161, 55, 56, 57, 58, 59, 60, 61, 62, 63, 64, 65, 66, 67, 68, 17161, 70, 71, 17161, 17161, 76, 75, 76, 77, 78, 79, 17161, 81, 17161, 83, 84, 85, 86, 87, 88, 89, 90, 91, 17161, 93, 94, 95, 96, 97, 98, 99, 17161, 103, 104, 103, 104, 17161, 106, 107, 108, 17161, 110, 111, 112, 113, 114, 115, 116, 117, 118, 119, 120, 121, 122, 123, 124, 125, 126, 127, 128, 129, 130, 131, 132, 133, 134, 17161, 136, 137, 138, 139, 140, 141, 142, 143, 144, 17161, 146, 147, 17161, 151, 150, 151, 152, 153, 154, 155, 156, 157, 158, 159, 17161, 163, 164, 17161, 166, 167, 166, 167, 168, 169, 170, 171, 172, 173, 174, 175
46, 47, 17161, 49, 50, 51, 52, 53, 54, 55, 56, 57, 58, 59, 60, 61, 62, 63, 64, 65, 66, 67, 68, 69, 70, 71, 72, 17161, 76, 77, 76, 77, 78, 17161, 80, 81, 82, 83, 84, 85, 86, 87, 88, 17161, 90, 91, 92, 93, 17161, 95, 96, 97, 98, 99, 100, 101, 102, 17161, 17161, 105, 106, 107, 108, 109, 17161, 111, 112, 113, 114, 115, 116, 117, 118, 119, 120, 121, 122, 123, 124, 125, 17161, 127, 128, 129, 130, 131, 132, 17161, 134, 135, 136, 17161, 138, 17161, 17161, 141, 142, 17161, 144, 145, 146, 147, 148, 149, 150, 151, 17161, 153, 154, 155, 156, 157, 158, 159, 160, 161, 162, 163, 164, 165, 166, 167, 168, 169, 170, 171, 172, 173, 174, 17161, 176
47, 48, 17161, 50, 51, 52, 53, 17161, 55, 56, 57, 58, 59, 60, 61, 62, 63, 64, 65, 66, 67, 68, 69, 70, 71, 17161, 73, 74, 75, 76, 77, 78, 17161, 82, 81, 82, 17161, 17161, 85, 17161, 87, 88, 89, 90, 91, 92, 93, 94, 95, 96, 97, 98, 99, 100, 17161, 102, 103, 17161, 17161, 106, 107, 108, 17161, 110, 17161, 112, 113, 114, 115, 116, 17161, 118, 119, 120, 121, 122, 123, 124, 125, 17161, 17161, 128, 129, 130, 131, 132, 133, 134, 135, 136, 17161, 17161, 17161, 144, 143, 142, 143, 144, 145, 146, 147, 148, 149, 17161, 151, 152, 153, 154, 155, 156, 157, 158, 159, 160, 161, 162, 163, 164, 165, 166, 167, 168, 169, 170, 171, 172, 173, 174, 175, 17161, 177
48, 49, 50, 51, 17161, 53, 54, 55, 56, 57, 58, 59, 60, 61, 62, 63, 64, 65, 66, 67, 68, 69, 70, 17161, 72, 73, 74, 75, 17161, 77, 78, 17161, 84, 83, 82, 17161, 86, 87, 86, 87, 88, 89, 90, 91, 92, 93, 94, 95, 96, 97, 98, 99, 100, 101, 102, 103, 17161, 111, 17161, 107, 108, 109, 110, 111, 112, 113, 114, 115, 116, 117, 118, 17161, 17161, 121, 122, 17161, 124, 17161, 126, 127, 17161, 129, 130, 131, 132, 17161, 134, 135, 17161, 137, 17161, 141, 142, 143, 144, 143, 144, 17161, 146, 147, 17161, 149, 150, 151, 152, 153, 154, 17161, 156, 157, 158, 159, 160, 161, 162, 163, 164, 165, 166, 167, 168, 169, 170, 17161, 17161, 173, 174, 175, 17161, 179, 178
49, 50, 51, 52, 53, 54, 55, 56, 57, 17161, 59, 60, 61, 62, 63, 64, 65, 66, 67, 68, 17161, 70, 71, 72, 73, 74, 75, 76, 17161, 78, 79, 80, 17161, 17161, 83, 84, 85, 86, 87, 17161, 89, 17161, 91, 92, 93, 94, 95, 96, 97, 98, 99, 100, 101, 102, 103, 104, 17161, 110, 109, 108, 109, 17161, 111, 112, 17161, 114, 17161, 116, 117, 118, 119, 17161, 123, 122, 123, 124, 125, 17161, 17161, 128, 129, 130, 131, 132, 17161, 17161, 135, 136, 137, 138, 139, 140, 141, 142, 143, 144, 145, 17161, 147, 17161, 151, 150, 151, 152, 153, 154, 155, 156, 157, 158, 159, 160, 161, 162, 163, 164, 165, 166, 167, 168, 169, 170, 171, 172, 173, 174, 175, 176, 177, 178, 179
50, 51, 52, 53, 54, 55, 56, 57, 58, 17161, 60, 17161, 62, 63, 64, 65, 66, 67, 68, 69, 70, 17161, 72, 73, 74, 75, 17161, 77, 78, 79, 80, 81, 82, 83, 84, 85, 17161, 87, 17161, 91, 90, 91, 92, 93, 94, 95, 96, 97, 98, 99, 100, 101, 17161, 17161, 104, 17161, 108, 17161, 110, 109, 110, 111, 112, 17161, 116, 115, 116, 17161, 118, 119, 120, 121, 122, 123, 124, 17161, 126, 127, 128, 129, 17161, 131, 132, 133, 134, 17161, 136, 17161, 17161, 139, 140, 141, 142, 143, 17161, 145, 146, 147, 148, 149, 150, 151, 17161, 17161, 154, 17161, 156, 17161, 158, 159, 160, 17161, 162, 163, 164, 165, 166, 167, 168, 169, 170, 171, 172, 17161, 174, 17161, 176, 177, 178, 17161, 180
51, 52, 53, 54, 55, 56, 57, 58, 59, 60, 17161, 64, 63, 64, 65, 66, 67, 68, 69, 70, 71, 72, 73, 74, 17161, 76, 77, 78, 79, 80, 81, 82, 83, 84, 85, 86, 87, 88, 89, 90, 91, 92, 93, 94, 95, 96, 97, 98, 17161, 100, 101, 102, 103, 104, 105, 106, 107, 108, 109, 110, 111, 112, 113, 114, 115, 116, 117, 118, 119, 120, 121, 122, 123, 124, 125, 126, 127, 128, 17161, 17161, 133, 132, 133, 134, 135, 136, 137, 17161, 141, 17161, 141, 142, 143, 17161, 147, 146, 147, 148, 149, 150, 151, 17161, 155, 156, 155, 156, 157, 158, 159, 160, 161, 162, 163, 164, 165, 166, 167, 168, 169, 170, 171, 17161, 173, 174, 17161, 178, 177, 178, 179, 180, 181
52, 17161, 54, 55, 56, 57, 58, 59, 60, 17161, 64, 65, 64, 65, 66, 67, 68, 69, 70, 71, 72, 73, 17161, 75, 17161, 77, 78, 17161, 80, 81, 82, 83, 84, 85, 86, 87, 88, 89, 90, 17161, 92, 93, 94, 95, 96, 97, 98, 99, 100, 101, 102, 103, 104, 105, 17161, 107, 108, 17161, 17161, 111, 112, 113, 114, 115, 116, 117, 118, 119, 120, 121, 122, 123, 124, 125, 17161, 127, 128, 129, 17161, 133, 134, 17161, 134, 135, 136, 137, 138, 139, 140, 141, 142, 143, 144, 145, 146, 147, 148, 149, 150, 151, 152, 153, 154, 155, 156, 157, 158, 159, 17161, 161, 162, 163, 164, 165, 166, 167, 168, 169, 170, 171, 172, 173, 174, 175, 176, 177, 178, 179, 17161, 181, 182
53, 54, 55, 17161, 57, 58, 59, 60, 61, 62, 63, 64, 65, 66, 67, 68, 69, 17161, 71, 72, 73, 17161, 77, 76, 77, 78, 79, 80, 81, 82, 17161, 84, 17161, 86, 87, 17161, 89, 90, 91, 92, 93, 17161, 95, 96, 97, 98, 99, 17161, 17161, 102, 103, 104, 105, 106, 107, 108, 109, 110, 111, 112, 113, 114, 115, 116, 117, 118, 119, 17161, 121, 122, 123, 124, 125, 126, 127, 128, 129, 130, 131, 132, 17161, 136, 135, 136, 137, 138, 139, 140, 141, 142, 143, 144, 145, 146, 147, 17161, 149, 150, 151, 152, 153, 17161, 155, 156, 157, 158, 159, 160, 17161, 162, 163, 164, 165, 166, 167, 168, 169, 170, 171, 172, 173, 174, 175, 17161, 17161, 178, 179, 180, 181, 182, 183
54, 55, 56, 57, 58, 59, 60, 17161, 62, 63, 64, 65, 66, 67, 68, 69, 70, 71, 72, 73, 74, 75, 76, 77, 78, 79, 17161, 81, 82, 83, 84, 85, 86, 17161, 88, 17161, 90, 91, 17161, 93, 94, 95, 96, 97, 98, 99, 100, 101, 102, 103, 104, 17161, 106, 107, 108, 109, 110, 111, 112, 17161, 114, 115, 17161, 117, 118, 119, 120, 121, 122, 123, 124, 125, 17161, 127, 128, 17161, 130, 131, 132, 133, 134, 135, 136, 137, 138, 139, 140, 141, 142, 143, 144, 17161, 146, 147, 148, 149, 150, 151, 152, 153, 154, 155, 156, 157, 158, 159, 17161, 17161, 164, 17161, 164, 17161, 166, 17161, 168, 17161, 170, 171, 172, 173, 174, 175, 176, 177, 178, 179, 180, 181, 182, 17161, 184
55, 56, 57, 17161, 59, 17161, 17161, 64, 63, 64, 65, 66, 67, 68, 69, 70, 71, 72, 17161, 74, 75, 76, 77, 78, 17161, 80, 81, 82, 83, 84, 85, 17161, 87, 88, 89, 17161, 91, 92, 17161, 94, 95, 96, 17161, 98, 99, 100, 101, 102, 103, 104, 105, 17161, 107, 108, 109, 110, 111, 17161, 113, 114, 115, 116, 17161, 118, 119, 120, 121, 122, 17161, 124, 125, 126, 127, 17161, 129, 130, 131, 132, 133, 134, 135, 136, 137, 17161, 139, 140, 141, 142, 143, 144, 145, 146, 147, 148, 17161, 150, 17161, 152, 153, 154, 155, 156, 157, 158, 17161, 160, 161, 162, 163, 164, 17161, 168, 167, 168, 17161, 172, 171, 172, 173, 174, 175, 176, 177, 178, 179, 180, 181, 182, 183, 184, 185
56, 57, 58, 59, 60, 17161, 64, 65, 64, 65, 66, 67, 68, 17161, 70, 17161, 72, 73, 74, 75, 76, 77, 78, 79, 80, 81, 82, 83, 84, 85, 86, 17161, 88, 89, 17161, 17161, 92, 93, 94, 17161, 96, 17161, 17161, 17161, 100, 101, 102, 103, 17161, 105, 106, 107, 108, 109, 110, 111, 112, 113, 114, 115, 116, 117, 118, 119, 120, 121, 17161, 123, 124, 125, 126, 127, 128, 129, 130, 131, 132, 133, 17161, 135, 17161, 137, 138, 17161, 140, 141, 17161, 143, 144, 145, 146, 147, 148, 149, 150, 151, 152, 17161, 154, 155, 17161, 17161, 158, 17161, 17161, 161, 162, 17161, 164, 165, 166, 167, 17161, 169, 170, 171, 17161, 173, 174, 175, 176, 177, 178, 179, 180, 181, 182, 183, 184, 185, 186
57, 17161, 59, 60, 61, 62, 63, 64, 65, 66, 67, 68, 69, 70, 71, 72, 73, 74, 75, 76, 77, 78, 79, 17161, 81, 82, 83, 84, 85, 86, 87, 88, 89, 90, 91, 17161, 17161, 94, 95, 96, 97, 98, 17161, 102, 101, 102, 103, 104, 105, 17161, 107, 108, 109, 110, 111, 112, 113, 114, 115, 116, 17161, 17161, 119, 120, 121, 122, 123, 124, 125, 126, 127, 128, 129, 17161, 131, 132, 133, 134, 135, 136, 137, 138, 17161, 142, 141, 142, 143, 144, 145, 146, 147, 148, 149, 150, 151, 152, 153, 17161, 155, 156, 157, 158, 159, 17161, 17161, 162, 163, 164, 165, 17161, 167, 168, 169, 170, 171, 172, 173, 17161, 175, 176, 177, 178, 179, 180, 181, 182, 183, 17161, 185, 186, 187
58, 59, 60, 17161, 62, 63, 64, 65, 66, 67, 68, 69, 17161, 71, 72, 73, 74, 75, 76, 77, 78, 79, 80, 81, 17161, 83, 84, 85, 86, 87, 88, 89, 90, 91, 92, 93, 94, 95, 96, 97, 98, 99, 100, 101, 102, 103, 104, 105, 106, 107, 108, 109, 110, 111, 112, 113, 114, 115, 116, 117, 118, 119, 120, 121, 122, 123, 124, 17161, 126, 127, 128, 129, 17161, 133, 132, 133, 134, 135, 136, 137, 138, 139, 140, 141, 142, 17161, 144, 145, 146, 147, 148, 149, 150, 151, 17161, 153, 17161, 157, 156, 157, 158, 159, 160, 161, 162, 163, 17161, 165, 17161, 169, 168, 169, 170, 171, 172, 173, 174, 175, 176, 17161, 178, 179, 180, 181, 182, 183, 184, 185, 186, 17161, 188
59, 60, 61, 62, 63, 64, 65, 66, 67, 68, 69, 70, 71, 17161, 17161, 74, 75, 76, 77, 78, 79, 80, 17161, 82, 83, 84, 85, 86, 87, 88, 89, 90, 91, 92, 93, 94, 95, 96, 97, 98, 99, 100, 101, 102, 103, 104, 105, 106, 107, 108, 109, 110, 17161, 112, 113, 114, 115, 17161, 117, 118, 119, 120, 121, 17161, 123, 124, 125, 126, 127, 17161, 129, 130, 131, 132, 133, 134, 135, 17161, 17161, 138, 139, 140, 141, 142, 17161, 146, 145, 146, 147, 148, 17161, 150, 17161, 152, 17161, 154, 155, 156, 157, 158, 159, 160, 161, 162, 163, 164, 165, 166, 167, 168, 169, 170, 171, 17161, 173, 174, 175, 176, 177, 178, 179, 180, 181, 182, 183, 184, 185, 186, 17161, 17161, 189
60, 61, 62, 63, 64, 65, 66, 67, 68, 69, 17161, 71, 72, 73, 74, 75, 76, 77, 17161, 79, 80, 81, 82, 83, 84, 17161, 86, 87, 17161, 89, 17161, 17161, 92, 93, 94, 95, 96, 97, 98, 17161, 100, 101, 102, 103, 104, 105, 106, 107, 108, 17161, 110, 111, 17161, 113, 114, 115, 116, 117, 118, 17161, 120, 17161, 122, 123, 124, 125, 126, 127, 128, 129, 130, 131, 132, 133, 134, 135, 17161, 141, 140, 139, 140, 17161, 142, 143, 144, 145, 146, 147, 148, 149, 17161, 151, 152, 17161, 156, 155, 156, 17161, 158, 159, 17161, 161, 162, 163, 164, 165, 166, 167, 168, 169, 170, 171, 172, 173, 174, 175, 176, 17161, 178, 179, 180, 17161, 182, 183, 184, 185, 186, 187, 188, 189, 190
61, 62, 63, 64, 65, 66, 67, 68, 17161, 17161, 73, 72, 73, 74, 75, 76, 77, 78, 17161, 80, 81, 82, 17161, 84, 85, 86, 87, 88, 17161, 90, 91, 92, 93, 94, 95, 96, 97, 98, 99, 100, 101, 102, 103, 104, 17161, 17161, 107, 108, 109, 110, 111, 112, 113, 114, 115, 116, 17161, 118, 119, 120, 121, 122, 123, 124, 125, 126, 127, 128, 129, 130, 131, 132, 133, 134, 135, 17161, 139, 17161, 141, 140, 141, 142, 17161, 17161, 145, 146, 17161, 148, 149, 150, 151, 17161, 153, 154, 155, 156, 17161, 164, 17161, 160, 161, 162, 163, 164, 165, 166, 167, 17161, 169, 17161, 17161, 172, 173, 174, 175, 176, 177, 17161, 179, 180, 17161, 17161, 183, 184, 185, 186, 187, 188, 189, 190, 191
62, 63, 64, 65, 66, 67, 68, 17161, 17161, 17161, 74, 73, 74, 75, 76, 77, 17161, 79, 80, 81, 17161, 83, 84, 85, 17161, 87, 88, 89, 90, 91, 92, 93, 94, 95, 96, 97, 98, 99, 100, 101, 102, 103, 104, 105, 106, 17161, 108, 109, 110, 111, 112, 113, 114, 17161, 116, 117, 118, 119, 120, 121, 122, 123, 124, 125, 126, 127, 128, 129, 130, 17161, 132, 133, 17161, 135, 136, 137, 138, 139, 140, 17161, 17161, 143, 144, 17161, 146, 147, 148, 149, 150, 151, 152, 153, 154, 155, 156, 17161, 164, 163, 162, 161, 162, 163, 164, 165, 166, 167, 168, 169, 170, 17161, 174, 173, 174, 175, 176, 177, 178, 179, 180, 181, 182, 183, 184, 185, 186, 187, 188, 189, 190, 191, 192
63, 64, 65, 66, 67, 68, 69, 70, 71, 17161, 75, 74, 75, 76, 77, 78, 79, 80, 81, 82, 83, 84, 85, 86, 87, 88, 17161, 90, 91, 92, 93, 94, 95, 17161, 97, 98, 99, 100, 101, 102, 103, 104, 105, 106, 107, 108, 109, 110, 111, 112, 17161, 17161, 17161, 17161, 117, 118, 17161, 120, 121, 122, 17161, 124, 125, 126, 17161, 128, 129, 130, 131, 132, 17161, 134, 135, 136, 137, 138, 139, 140, 141, 142, 143, 144, 145, 146, 147, 148, 149, 150, 151, 152, 17161, 154, 17161, 156, 157, 158, 17161, 162, 163, 162, 163, 164, 165, 166, 167, 168, 169, 170, 171, 172, 173, 174, 175, 176, 177, 178, 179, 180, 181, 182, 183, 184, 185, 186, 187, 188, 189, 190, 191, 192, 193
64, 65, 66, 67, 68, 69, 70, 71, 72, 73, 74, 75, 17161, 77, 78, 79, 80, 17161, 82, 83, 84, 85, 86, 87, 88, 89, 90, 91, 92, 93, 94, 95, 96, 17161, 98, 17161, 100, 101, 17161, 103, 104, 105, 106, 107, 108, 109, 17161, 111, 112, 113, 114, 115, 116, 117, 118, 119, 120, 17161, 122, 123, 124, 125, 126, 127, 17161, 129, 17161, 17161, 132, 133, 134, 135, 17161, 137, 138, 139, 140, 141, 142, 143, 17161, 145, 17161, 147, 148, 149, 150, 151, 152, 153, 154, 155, 156, 17161, 158, 159, 160, 161, 162, 163, 164, 165, 17161, 167, 168, 169, 170, 17161, 17161, 173, 174, 175, 176, 177, 17161, 179, 180, 17161, 182, 183, 184, 185, 186, 187, 188, 189, 190, 191, 192, 193, 194
65, 66, 67, 68, 69, 70, 71, 72, 73, 74, 75, 76, 77, 78, 79, 80, 81, 82, 83, 84, 85, 86, 87, 88, 89, 90, 91, 92, 93, 94, 95, 96, 97, 98, 99, 100, 101, 102, 103, 104, 105, 106, 107, 108, 109, 110, 111, 112, 113, 114, 115, 116, 117, 118, 119, 120, 121, 122, 123, 124, 125, 126, 127, 128, 129, 130, 131, 132, 133, 134, 135, 136, 137, 138, 139, 140, 141, 142, 143, 144, 145, 146, 147, 148, 149, 150, 151, 152, 153, 154, 155, 156, 157, 158, 159, 160, 161, 162, 163, 164, 165, 166, 167, 168, 169, 170, 171, 172, 173, 174, 175, 176, 177, 178, 179, 180, 181, 182, 183, 184, 185, 186, 187, 188, 189, 190, 191, 192, 193, 194, 195
66, 67, 68, 69, 70, 71, 72, 73, 74, 75, 76, 77, 78, 79, 80, 81, 17161, 83, 17161, 85, 86, 87, 88, 89, 17161, 91, 92, 93, 94, 95, 96, 17161, 98, 17161, 17161, 101, 17161, 103, 104, 105, 106, 107, 108, 17161, 110, 111, 112, 113, 114, 115, 116, 117, 118, 119, 120, 17161, 122, 123, 124, 125, 17161, 127, 128, 129, 130, 131, 132, 133, 134, 17161, 136, 137, 138, 139, 17161, 141, 142, 143, 144, 145, 146, 147, 17161, 149, 150, 151, 152, 17161, 17161, 155, 156, 157, 158, 159, 160, 161, 162, 163, 164, 165, 166, 167, 168, 169, 170, 171, 172, 17161, 174, 175, 176, 177, 178, 17161, 180, 181, 182, 183, 184, 185, 186, 17161, 17161, 189, 190, 191, 192, 193, 194, 195, 196
67, 68, 69, 70, 71, 72, 17161, 74, 75, 17161, 77, 78, 79, 80, 81, 82, 83, 84, 17161, 17161, 87, 17161, 89, 17161, 93, 92, 17161, 94, 95, 96, 97, 98, 99, 100, 101, 102, 17161, 104, 105, 106, 107, 108, 109, 17161, 111, 112, 113, 114, 17161, 116, 17161, 118, 119, 120, 121, 122, 17161, 17161, 125, 126, 127, 128, 129, 17161, 131, 132, 133, 134, 135, 136, 137, 17161, 139, 140, 141, 142, 143, 144, 145, 146, 147, 17161, 151, 17161, 151, 152, 153, 17161, 157, 156, 157, 158, 159, 160, 161, 162, 163, 164, 165, 166, 167, 168, 169, 170, 171, 172, 17161, 176, 175, 176, 177, 17161, 17161, 182, 181, 182, 183, 184, 185, 186, 187, 188, 189, 17161, 191, 192, 193, 194, 195, 196, 197
68, 69, 70, 71, 72, 73, 74, 75, 76, 77, 78, 17161, 80, 81, 82, 83, 84, 85, 86, 87, 88, 89, 90, 91, 17161, 93, 94, 95, 96, 97, 98, 99, 17161, 101, 102, 103, 104, 105, 106, 107, 108, 109, 110, 111, 112, 113, 17161, 115, 17161, 117, 17161, 119, 120, 121, 122, 123, 124, 125, 126, 127, 128, 129, 17161, 133, 132, 133, 134, 135, 136, 137, 138, 17161, 140, 141, 17161, 143, 144, 145, 146, 147, 148, 149, 150, 151, 152, 153, 17161, 159, 158, 17161, 158, 17161, 160, 161, 162, 163, 164, 165, 17161, 167, 17161, 169, 170, 171, 172, 173, 17161, 177, 176, 177, 178, 179, 180, 181, 182, 183, 184, 185, 186, 187, 188, 189, 190, 191, 192, 193, 194, 195, 196, 197, 198
69, 70, 71, 72, 73, 74, 75, 76, 77, 78, 79, 80, 81, 82, 83, 84, 85, 17161, 87, 88, 89, 90, 91, 17161, 95, 94, 17161, 17161, 97, 98, 17161, 100, 101, 102, 103, 104, 105, 106, 107, 108, 109, 110, 111, 112, 113, 114, 115, 116, 117, 118, 119, 120, 121, 122, 123, 17161, 125, 126, 127, 128, 129, 130, 131, 132, 133, 134, 135, 136, 137, 138, 139, 140, 141, 142, 143, 144, 17161, 146, 147, 17161, 149, 150, 17161, 152, 153, 154, 17161, 158, 159, 160, 159, 160, 161, 17161, 163, 164, 165, 166, 167, 168, 169, 170, 171, 172, 173, 174, 17161, 178, 177, 178, 179, 180, 181, 182, 183, 17161, 185, 186, 187, 188, 17161, 190, 191, 192, 193, 194, 195, 196, 197, 198, 199
70, 71, 72, 73, 74, 75, 76, 77, 78, 79, 80, 17161, 82, 83, 84, 17161, 86, 87, 17161, 89, 90, 91, 92, 93, 94, 95, 96, 97, 98, 99, 100, 101, 102, 103, 104, 105, 106, 107, 108, 17161, 110, 111, 112, 113, 114, 115, 17161, 117, 118, 119, 120, 121, 122, 123, 17161, 127, 126, 127, 128, 129, 130, 131, 132, 17161, 134, 135, 17161, 137, 17161, 139, 17161, 141, 142, 143, 144, 145, 146, 17161, 148, 149, 150, 151, 152, 153, 17161, 155, 156, 157, 158, 159, 160, 161, 162, 163, 164, 165, 166, 167, 168, 169, 170, 171, 172, 173, 174, 175, 17161, 179, 178, 179, 180, 181, 182, 183, 17161, 187, 186, 187, 188, 189, 190, 17161, 192, 193, 194, 195, 196, 197, 198, 199, 200
71, 72, 73, 74, 75, 76, 77, 78, 79, 80, 81, 82, 83, 17161, 85, 86, 87, 88, 17161, 90, 91, 92, 17161, 94, 95, 96, 97, 98, 99, 100, 101, 102, 103, 104, 105, 106, 107, 108, 109, 110, 111, 112, 17161, 114, 17161, 116, 117, 118, 119, 17161, 121, 122, 123, 124, 17161, 128, 127, 128, 17161, 130, 131, 132, 133, 134, 135, 136, 137, 138, 139, 140, 141, 17161, 143, 144, 145, 146, 17161, 150, 149, 150, 151, 152, 153, 154, 155, 156, 157, 158, 159, 17161, 17161, 162, 163, 164, 165, 166, 167, 168, 169, 170, 171, 172, 173, 174, 175, 176, 177, 178, 179, 180, 17161, 182, 183, 184, 185, 186, 187, 188, 17161, 190, 191, 192, 193, 194, 195, 196, 197, 198, 199, 200, 201
72, 73, 74, 75, 76, 77, 78, 79, 80, 81, 82, 83, 84, 85, 86, 87, 17161, 89, 90, 91, 92, 17161, 96, 95, 17161, 17161, 17161, 99, 100, 101, 102, 103, 17161, 17161, 106, 107, 108, 109, 17161, 111, 112, 113, 114, 115, 116, 117, 118, 17161, 120, 121, 122, 123, 124, 125, 126, 127, 128, 129, 130, 131, 132, 133, 134, 135, 136, 137, 17161, 139, 140, 141, 142, 143, 17161, 17161, 146, 147, 148, 149, 150, 151, 152, 17161, 154, 155, 156, 157, 158, 159, 160, 161, 162, 17161, 164, 165, 17161, 167, 168, 169, 170, 171, 172, 173, 17161, 175, 176, 177, 178, 179, 180, 17161, 184, 183, 184, 185, 186, 187, 188, 17161, 192, 17161, 192, 193, 194, 195, 196, 197, 198, 199, 200, 201, 202
73, 74, 75, 17161, 77, 78, 79, 80, 81, 82, 83, 84, 85, 86, 87, 88, 89, 17161, 91, 92, 17161, 96, 97, 96, 97, 98, 99, 100, 101, 17161, 103, 104, 105, 106, 107, 108, 109, 110, 111, 112, 113, 114, 115, 116, 117, 118, 17161, 122, 121, 122, 17161, 124, 17161, 126, 17161, 128, 129, 130, 131, 132, 17161, 134, 17161, 136, 17161, 138, 17161, 140, 141, 17161, 17161, 144, 145, 146, 147, 148, 149, 150, 17161, 152, 17161, 156, 155, 156, 157, 158, 159, 160, 161, 162, 163, 164, 165, 166, 167, 168, 169, 170, 171, 17161, 173, 174, 175, 176, 177, 178, 179, 17161, 181, 182, 183, 184, 185, 186, 187, 188, 189, 190, 191, 192, 193, 194, 195, 196, 197, 198, 199, 200, 201, 202, 203
74, 75, 17161, 79, 78, 79, 80, 81, 82, 83, 84, 85, 86, 87, 17161, 17161, 90, 91, 17161, 93, 94, 95, 96, 17161, 98, 99, 100, 101, 102, 17161, 104, 17161, 106, 107, 108, 109, 110, 111, 112, 113, 114, 115, 116, 117, 118, 17161, 122, 123, 122, 123, 17161, 125, 126, 127, 128, 129, 130, 131, 132, 133, 134, 135, 136, 137, 138, 139, 140, 141, 142, 143, 144, 145, 146, 147, 148, 149, 150, 151, 152, 153, 154, 155, 156, 157, 158, 159, 160, 161, 162, 163, 164, 165, 166, 17161, 168, 169, 17161, 171, 172, 173, 174, 175, 176, 177, 178, 179, 180, 17161, 182, 17161, 184, 185, 17161, 187, 188, 189, 190, 191, 192, 193, 194, 195, 196, 197, 198, 199, 200, 201, 202, 203, 204
75, 76, 17161, 80, 79, 80, 81, 82, 83, 84, 85, 86, 87, 88, 89, 90, 91, 92, 93, 94, 17161, 96, 97, 98, 99, 100, 101, 102, 103, 104, 105, 106, 107, 108, 109, 110, 111, 112, 113, 114, 115, 116, 117, 17161, 119, 120, 121, 122, 123, 124, 125, 126, 127, 128, 129, 130, 131, 132, 133, 134, 135, 17161, 137, 138, 17161, 140, 141, 142, 143, 144, 17161, 146, 147, 148, 149, 150, 151, 152, 153, 154, 155, 156, 157, 17161, 159, 160, 17161, 162, 163, 164, 17161, 17161, 167, 17161, 169, 170, 171, 172, 173, 174, 175, 176, 177, 17161, 179, 180, 17161, 184, 17161, 186, 17161, 186, 187, 188, 189, 190, 191, 192, 193, 194, 195, 196, 197, 198, 199, 200, 201, 202, 17161, 204, 205
76, 77, 78, 79, 80, 81, 82, 83, 84, 85, 86, 87, 88, 89, 90, 17161, 92, 93, 94, 95, 96, 97, 98, 99, 100, 101, 102, 17161, 104, 105, 17161, 107, 108, 109, 110, 17161, 112, 113, 17161, 115, 17161, 117, 118, 119, 120, 121, 122, 17161, 124, 125, 126, 127, 128, 129, 130, 131, 132, 133, 17161, 17161, 136, 137, 17161, 139, 140, 141, 17161, 143, 17161, 145, 146, 147, 17161, 17161, 150, 151, 152, 17161, 17161, 155, 156, 157, 158, 159, 17161, 161, 162, 163, 17161, 165, 166, 167, 17161, 171, 170, 171, 172, 173, 174, 175, 176, 17161, 178, 17161, 180, 181, 182, 183, 184, 185, 186, 187, 188, 189, 190, 17161, 192, 193, 194, 195, 196, 197, 198, 199, 200, 201, 17161, 203, 17161, 205, 206
77, 78, 79, 80, 81, 82, 17161, 84, 85, 86, 87, 88, 89, 90, 91, 92, 93, 94, 95, 96, 97, 98, 99, 17161, 101, 17161, 103, 104, 105, 106, 107, 17161, 109, 110, 111, 112, 113, 114, 115, 116, 117, 118, 119, 120, 121, 122, 123, 124, 125, 17161, 127, 128, 17161, 130, 131, 17161, 133, 134, 135, 136, 137, 138, 139, 140, 141, 142, 143, 144, 145, 146, 17161, 148, 149, 150, 151, 152, 153, 154, 155, 17161, 157, 158, 159, 160, 161, 162, 163, 164, 165, 166, 167, 168, 169, 170, 17161, 172, 17161, 174, 175, 17161, 177, 178, 179, 180, 181, 182, 183, 184, 185, 186, 187, 188, 189, 190, 191, 192, 193, 194, 195, 196, 197, 198, 199, 200, 201, 202, 203, 204, 205, 206, 207
78, 79, 80, 81, 82, 83, 84, 85, 86, 87, 88, 89, 90, 91, 92, 93, 94, 95, 17161, 97, 98, 99, 100, 101, 17161, 17161, 17161, 105, 106, 107, 108, 109, 110, 111, 112, 113, 114, 115, 116, 117, 118, 119, 120, 121, 122, 123, 124, 125, 126, 127, 128, 129, 130, 131, 132, 133, 134, 135, 136, 137, 138, 139, 140, 17161, 17161, 143, 144, 145, 146, 147, 148, 149, 150, 151, 152, 153, 154, 155, 156, 17161, 158, 159, 160, 17161, 162, 163, 164, 165, 166, 167, 168, 17161, 170, 171, 172, 173, 174, 175, 176, 177, 178, 179, 180, 181, 182, 183, 184, 185, 17161, 187, 188, 189, 190, 191, 192, 193, 194, 195, 196, 197, 198, 199, 200, 201, 202, 203, 204, 205, 17161, 207, 208
79, 17161, 81, 82, 83, 17161, 85, 86, 17161, 88, 89, 90, 91, 92, 93, 94, 95, 96, 97, 98, 99, 100, 17161, 17161, 113, 17161, 17161, 17161, 107, 108, 17161, 110, 111, 17161, 113, 114, 17161, 116, 17161, 118, 119, 120, 121, 122, 17161, 124, 125, 126, 127, 128, 129, 130, 17161, 17161, 17161, 134, 135, 136, 17161, 138, 139, 140, 141, 142, 143, 144, 145, 146, 147, 148, 149, 150, 151, 152, 153, 154, 155, 156, 157, 158, 159, 160, 161, 162, 163, 164, 17161, 166, 167, 168, 17161, 172, 171, 172, 173, 174, 175, 17161, 177, 178, 179, 180, 181, 182, 183, 184, 17161, 186, 187, 17161, 189, 190, 191, 192, 193, 194, 195, 196, 197, 198, 199, 200, 17161, 202, 203, 204, 205, 17161, 209, 208, 209
80, 81, 82, 83, 84, 85, 17161, 87, 88, 89, 90, 91, 92, 93, 94, 95, 96, 97, 98, 17161, 100, 101, 102, 17161, 112, 17161, 114, 113, 17161, 109, 17161, 111, 112, 17161, 17161, 115, 116, 117, 118, 119, 120, 121, 122, 123, 124, 17161, 126, 127, 128, 129, 17161, 131, 132, 133, 134, 135, 136, 137, 138, 139, 140, 141, 142, 143, 144, 145, 146, 147, 148, 17161, 150, 151, 152, 153, 154, 155, 156, 157, 158, 159, 160, 161, 162, 17161, 164, 17161, 168, 167, 17161, 17161, 172, 173, 172, 173, 174, 175, 176, 177, 178, 179, 180, 181, 182, 183, 184, 185, 186, 187, 188, 189, 190, 191, 192, 193, 194, 195, 196, 197, 198, 199, 200, 201, 202, 203, 204, 205, 206, 207, 208, 209, 210
81, 82, 83, 84, 85, 86, 87, 88, 89, 90, 91, 17161, 93, 94, 95, 96, 97, 98, 99, 100, 101, 102, 103, 17161, 111, 112, 113, 112, 111, 110, 111, 17161, 113, 114, 115, 116, 117, 118, 17161, 120, 121, 122, 123, 124, 125, 126, 17161, 128, 129, 130, 131, 132, 133, 134, 135, 136, 137, 17161, 139, 140, 17161, 17161, 143, 144, 145, 146, 147, 148, 149, 17161, 151, 152, 153, 154, 155, 156, 157, 158, 17161, 160, 161, 162, 163, 164, 165, 166, 167, 168, 169, 170, 171, 172, 17161, 17161, 175, 176, 177, 178, 17161, 17161, 181, 182, 183, 184, 185, 17161, 187, 188, 189, 190, 191, 192, 193, 194, 195, 196, 197, 198, 199, 200, 201, 202, 203, 204, 205, 206, 207, 208, 209, 210, 211
82, 83, 84, 85, 86, 87, 88, 89, 90, 91, 92, 93, 94, 95, 96, 97, 98, 99, 100, 101, 102, 103, 17161, 109, 110, 111, 112, 113, 17161, 111, 17161, 115, 17161, 115, 116, 117, 118, 17161, 17161, 121, 122, 123, 124, 125, 126, 127, 128, 129, 130, 17161, 17161, 133, 134, 135, 136, 137, 138, 139, 140, 141, 142, 143, 144, 145, 146, 147, 148, 149, 150, 151, 152, 153, 154, 155, 156, 17161, 158, 159, 160, 161, 17161, 163, 164, 165, 166, 167, 168, 169, 170, 171, 17161, 17161, 182, 183, 17161, 17161, 178, 179, 180, 181, 182, 183, 184, 185, 186, 187, 188, 189, 190, 17161, 192, 193, 194, 195, 196, 197, 198, 199, 200, 201, 202, 203, 204, 205, 206, 207, 208, 209, 210, 211, 212
83, 84, 85, 86, 87, 88, 89, 90, 91, 17161, 93, 94, 95, 17161, 97, 98, 99, 100, 101, 102, 103, 104, 17161, 108, 109, 110, 17161, 112, 113, 112, 113, 114, 115, 116, 117, 118, 119, 120, 121, 122, 123, 124, 125, 126, 127, 128, 129, 130, 17161, 134, 135, 134, 135, 136, 17161, 138, 139, 140, 141, 142, 143, 144, 145, 17161, 147, 148, 149, 150, 151, 152, 153, 154, 155, 156, 157, 158, 159, 17161, 17161, 162, 163, 164, 165, 166, 167, 168, 169, 17161, 171, 17161, 179, 17161, 181, 182, 181, 180, 179, 180, 181, 17161, 183, 184, 185, 186, 187, 188, 189, 17161, 17161, 194, 193, 194, 195, 196, 197, 198, 199, 200, 201, 202, 203, 204, 205, 206, 207, 208, 209, 210, 211, 17161, 213
84, 17161, 86, 87, 88, 89, 90, 91, 92, 93, 94, 17161, 96, 97, 98, 99, 100, 101, 102, 103, 104, 105, 106, 107, 108, 109, 110, 111, 112, 113, 114, 115, 116, 117, 118, 119, 17161, 121, 122, 17161, 124, 125, 126, 127, 17161, 129, 130, 131, 132, 133, 134, 135, 136, 17161, 140, 139, 17161, 141, 17161, 143, 144, 145, 146, 17161, 17161, 149, 150, 151, 152, 153, 154, 155, 156, 17161, 158, 159, 160, 161, 17161, 163, 164, 17161, 166, 167, 168, 169, 17161, 173, 17161, 17161, 178, 179, 180, 17161, 182, 181, 180, 181, 182, 183, 184, 185, 17161, 187, 188, 189, 190, 17161, 194, 195, 194, 195, 196, 197, 198, 199, 200, 201, 202, 17161, 204, 205, 206, 207, 208, 209, 17161, 211, 212, 213, 214
85, 17161, 87, 88, 89, 17161, 91, 92, 17161, 94, 95, 96, 97, 17161, 99, 100, 101, 102, 103, 104, 105, 106, 107, 108, 17161, 110, 111, 112, 113, 17161, 115, 116, 17161, 118, 119, 17161, 17161, 122, 17161, 126, 125, 126, 127, 17161, 131, 130, 131, 132, 133, 134, 135, 136, 137, 138, 139, 140, 141, 142, 143, 144, 145, 17161, 17161, 152, 151, 150, 17161, 152, 153, 154, 155, 156, 157, 158, 159, 160, 161, 162, 163, 164, 165, 166, 167, 168, 169, 170, 171, 172, 173, 17161, 177, 178, 179, 17161, 181, 182, 17161, 182, 183, 184, 185, 186, 187, 188, 189, 190, 191, 192, 193, 194, 195, 196, 197, 198, 199, 200, 201, 17161, 203, 17161, 205, 206, 207, 208, 209, 210, 211, 212, 213, 214, 215
86, 17161, 88, 89, 90, 17161, 92, 93, 94, 17161, 17161, 17161, 98, 99, 100, 101, 102, 103, 104, 105, 106, 107, 108, 109, 110, 111, 112, 17161, 114, 115, 116, 117, 118, 119, 17161, 17161, 124, 123, 124, 125, 17161, 127, 17161, 131, 132, 131, 132, 133, 134, 135, 136, 137, 138, 139, 140, 141, 17161, 17161, 144, 145, 17161, 149, 17161, 17161, 152, 151, 152, 153, 154, 155, 156, 157, 158, 17161, 160, 161, 162, 163, 17161, 17161, 17161, 167, 168, 169, 170, 171, 172, 173, 174, 175, 176, 177, 178, 179, 180, 181, 182, 183, 184, 185, 17161, 187, 188, 189, 190, 191, 192, 193, 194, 195, 196, 197, 198, 199, 17161, 201, 202, 203, 204, 205, 206, 207, 208, 209, 210, 211, 212, 213, 214, 215, 216
87, 88, 89, 90, 17161, 94, 93, 94, 95, 96, 17161, 17161, 17161, 100, 101, 102, 103, 104, 105, 106, 107, 108, 109, 110, 111, 112, 113, 114, 115, 17161, 117, 118, 119, 120, 121, 122, 123, 17161, 125, 126, 127, 128, 129, 130, 131, 132, 17161, 134, 135, 136, 137, 138, 139, 140, 141, 142, 17161, 146, 145, 146, 147, 148, 149, 150, 17161, 152, 153, 17161, 17161, 156, 157, 158, 159, 160, 161, 162, 163, 164, 165, 166, 167, 168, 169, 170, 171, 172, 173, 174, 175, 176, 177, 178, 17161, 17161, 181, 182, 183, 184, 185, 17161, 189, 188, 189, 190, 191, 192, 193, 194, 195, 196, 197, 198, 199, 200, 201, 202, 17161, 204, 205, 17161, 207, 208, 209, 210, 211, 212, 213, 214, 215, 216, 217
88, 89, 90, 91, 92, 93, 94, 95, 96, 97, 98, 99, 100, 101, 102, 103, 104, 105, 17161, 17161, 108, 109, 110, 111, 112, 113, 114, 115, 116, 17161, 118, 119, 120, 121, 122, 123, 124, 125, 126, 17161, 128, 129, 130, 131, 132, 133, 134, 135, 136, 137, 17161, 139, 140, 141, 142, 143, 144, 145, 146, 147, 148, 149, 150, 151, 152, 153, 154, 155, 156, 17161, 158, 159, 160, 161, 162, 163, 164, 165, 166, 167, 168, 169, 170, 171, 172, 173, 174, 175, 176, 177, 17161, 179, 180, 181, 182, 183, 17161, 185, 186, 17161, 190, 189, 17161, 191, 192, 193, 194, 195, 196, 197, 198, 199, 200, 201, 202, 203, 17161, 205, 206, 207, 208, 209, 210, 211, 212, 213, 214, 215, 216, 17161, 218
89, 90, 17161, 92, 93, 94, 95, 96, 17161, 98, 99, 100, 101, 102, 103, 104, 105, 106, 107, 17161, 17161, 110, 111, 112, 113, 114, 115, 116, 117, 118, 119, 120, 17161, 122, 123, 124, 17161, 126, 127, 128, 129, 130, 17161, 17161, 17161, 134, 135, 136, 137, 138, 139, 140, 141, 17161, 143, 17161, 145, 17161, 147, 148, 149, 150, 151, 17161, 17161, 154, 155, 17161, 157, 158, 159, 160, 17161, 162, 163, 17161, 165, 166, 167, 168, 169, 170, 171, 17161, 173, 174, 175, 176, 177, 178, 17161, 17161, 181, 182, 17161, 184, 185, 186, 187, 188, 189, 190, 191, 192, 193, 194, 195, 196, 197, 198, 199, 200, 201, 202, 203, 204, 205, 17161, 207, 208, 17161, 210, 17161, 212, 213, 214, 215, 17161, 217, 218, 219
90, 91, 92, 93, 17161, 17161, 96, 17161, 17161, 99, 100, 101, 102, 103, 104, 105, 106, 107, 108, 109, 110, 111, 112, 113, 114, 115, 116, 117, 118, 17161, 17161, 121, 122, 123, 124, 125, 17161, 17161, 17161, 129, 130, 131, 132, 133, 134, 135, 136, 137, 138, 139, 140, 17161, 142, 143, 144, 145, 146, 147, 148, 149, 150, 151, 17161, 157, 156, 155, 156, 157, 158, 159, 160, 161, 162, 17161, 17161, 167, 166, 167, 168, 169, 170, 171, 172, 173, 174, 175, 17161, 177, 178, 179, 180, 181, 182, 183, 184, 17161, 186, 17161, 17161, 189, 190, 191, 192, 193, 194, 195, 196, 197, 198, 199, 200, 201, 202, 203, 204, 205, 206, 207, 208, 17161, 212, 211, 212, 213, 214, 215, 216, 217, 218, 219, 220
91, 92, 93, 94, 95, 96, 17161, 100, 17161, 100, 101, 17161, 103, 104, 105, 106, 107, 17161, 109, 110, 111, 112, 113, 114, 115, 116, 117, 118, 119, 120, 121, 122, 123, 124, 125, 126, 127, 128, 17161, 130, 131, 17161, 133, 134, 135, 17161, 17161, 17161, 139, 17161, 141, 142, 143, 144, 145, 146, 147, 148, 17161, 150, 151, 152, 153, 17161, 157, 156, 157, 158, 159, 160, 161, 162, 163, 17161, 167, 168, 167, 168, 169, 17161, 17161, 172, 173, 174, 175, 176, 177, 178, 179, 180, 181, 182, 183, 184, 185, 186, 187, 188, 17161, 190, 17161, 192, 193, 194, 195, 196, 197, 198, 199, 200, 201, 17161, 203, 17161, 205, 206, 207, 208, 209, 210, 211, 212, 213, 214, 215, 216, 217, 218, 17161, 220, 221
92, 17161, 94, 95, 96, 97, 98, 99, 17161, 101, 102, 103, 104, 105, 106, 107, 108, 109, 110, 111, 112, 113, 114, 115, 116, 117, 118, 119, 120, 121, 122, 123, 124, 125, 126, 127, 128, 129, 130, 131, 132, 133, 134, 135, 136, 17161, 140, 141, 140, 141, 17161, 143, 144, 145, 17161, 147, 148, 149, 150, 151, 152, 17161, 154, 155, 17161, 157, 158, 17161, 160, 161, 162, 163, 164, 165, 166, 17161, 168, 17161, 170, 171, 17161, 173, 174, 175, 176, 177, 178, 179, 180, 17161, 182, 183, 17161, 17161, 186, 187, 188, 189, 190, 191, 192, 193, 194, 195, 196, 197, 198, 199, 200, 201, 202, 203, 204, 17161, 206, 207, 208, 209, 210, 211, 212, 213, 214, 215, 216, 217, 218, 219, 220, 221, 222
93, 17161, 95, 96, 97, 98, 99, 100, 101, 102, 103, 104, 105, 106, 107, 108, 109, 110, 111, 112, 113, 114, 115, 116, 117, 118, 119, 120, 121, 122, 123, 124, 125, 126, 127, 128, 17161, 130, 131, 132, 133, 134, 135, 136, 137, 138, 139, 140, 17161, 17161, 145, 144, 145, 146, 147, 148, 149, 150, 151, 152, 153, 154, 155, 156, 157, 158, 159, 160, 161, 162, 163, 164, 165, 166, 167, 168, 169, 170, 171, 172, 173, 17161, 175, 17161, 177, 178, 179, 180, 181, 182, 183, 184, 185, 186, 187, 188, 17161, 190, 17161, 192, 193, 194, 195, 196, 197, 198, 199, 200, 201, 202, 203, 204, 205, 17161, 17161, 208, 209, 210, 211, 212, 17161, 214, 215, 216, 217, 218, 219, 17161, 221, 222, 223
94, 95, 96, 97, 98, 99, 100, 101, 102, 103, 104, 105, 106, 107, 108, 109, 110, 17161, 112, 113, 114, 115, 17161, 117, 118, 17161, 120, 121, 122, 123, 124, 125, 126, 127, 128, 17161, 132, 131, 17161, 17161, 134, 17161, 136, 137, 138, 17161, 17161, 141, 142, 143, 144, 145, 146, 17161, 148, 149, 150, 151, 152, 153, 154, 17161, 156, 157, 158, 159, 160, 161, 162, 163, 164, 165, 166, 167, 168, 169, 170, 171, 172, 173, 174, 17161, 176, 177, 178, 179, 180, 181, 182, 183, 184, 185, 186, 187, 188, 189, 190, 191, 192, 193, 194, 195, 196, 197, 198, 17161, 200, 17161, 202, 203, 204, 205, 206, 207, 17161, 209, 210, 211, 212, 213, 214, 215, 17161, 217, 218, 219, 220, 17161, 222, 223, 224
95, 96, 17161, 98, 99, 17161, 101, 17161, 17161, 104, 105, 106, 107, 108, 17161, 110, 111, 112, 113, 114, 115, 116, 117, 118, 119, 120, 121, 122, 123, 124, 125, 126, 127, 128, 129, 130, 17161, 17161, 17161, 17161, 17161, 138, 137, 17161, 17161, 142, 143, 17161, 143, 144, 17161, 146, 147, 148, 149, 150, 151, 152, 153, 154, 155, 156, 157, 158, 159, 160, 161, 162, 163, 164, 165, 166, 167, 168, 169, 170, 171, 172, 173, 174, 17161, 180, 17161, 178, 179, 180, 181, 182, 183, 184, 185, 186, 187, 188, 189, 190, 191, 192, 193, 194, 195, 196, 197, 198, 199, 200, 201, 202, 203, 204, 205, 206, 207, 208, 209, 210, 211, 212, 213, 214, 215, 216, 217, 218, 219, 220, 221, 222, 223, 224, 225
96, 97, 98, 99, 100, 101, 102, 103, 17161, 105, 106, 107, 108, 109, 110, 111, 17161, 17161, 114, 115, 116, 17161, 118, 119, 120, 17161, 122, 17161, 124, 125, 126, 127, 128, 129, 130, 131, 132, 133, 17161, 17161, 138, 139, 138, 139, 140, 141, 142, 17161, 17161, 145, 146, 147, 17161, 149, 150, 151, 152, 17161, 154, 155, 156, 157, 158, 17161, 160, 161, 162, 163, 164, 165, 166, 167, 168, 169, 170, 171, 172, 173, 17161, 17161, 178, 179, 180, 179, 17161, 181, 182, 17161, 184, 185, 186, 187, 188, 189, 190, 191, 192, 193, 194, 195, 196, 197, 198, 199, 200, 201, 202, 203, 204, 17161, 206, 207, 208, 209, 210, 17161, 212, 213, 17161, 215, 216, 17161, 17161, 219, 220, 17161, 222, 17161, 224, 225, 226
97, 98, 99, 100, 101, 102, 103, 104, 105, 106, 107, 108, 109, 17161, 111, 17161, 119, 17161, 115, 116, 117, 118, 119, 120, 121, 122, 123, 124, 125, 126, 127, 128, 129, 130, 131, 132, 133, 134, 135, 136, 137, 138, 139, 140, 141, 142, 143, 144, 145, 146, 147, 148, 149, 150, 151, 152, 153, 154, 155, 17161, 157, 158, 17161, 162, 161, 162, 163, 164, 165, 166, 167, 168, 17161, 170, 171, 17161, 173, 174, 175, 176, 177, 178, 179, 180, 181, 182, 17161, 186, 17161, 186, 187, 17161, 17161, 190, 191, 192, 193, 194, 195, 196, 197, 198, 17161, 200, 201, 17161, 17161, 204, 205, 206, 17161, 208, 209, 210, 17161, 214, 213, 214, 17161, 17161, 217, 218, 219, 17161, 221, 222, 223, 224, 225, 226, 227
98, 99, 17161, 101, 102, 103, 104, 105, 106, 107, 108, 109, 110, 111, 17161, 119, 118, 117, 116, 117, 118, 119, 120, 121, 122, 123, 124, 125, 126, 17161, 128, 129, 130, 131, 132, 133, 134, 135, 17161, 137, 138, 139, 140, 141, 142, 143, 17161, 145, 17161, 147, 148, 17161, 150, 151, 152, 153, 154, 155, 156, 157, 158, 159, 160, 161, 17161, 163, 164, 165, 17161, 167, 168, 169, 170, 17161, 172, 173, 174, 175, 176, 17161, 178, 179, 180, 181, 182, 183, 184, 185, 17161, 187, 188, 189, 190, 191, 192, 193, 194, 195, 196, 197, 198, 199, 200, 17161, 202, 203, 204, 205, 206, 207, 208, 209, 17161, 211, 212, 213, 214, 215, 17161, 219, 218, 219, 220, 221, 222, 223, 224, 225, 226, 227, 228
99, 100, 101, 102, 103, 104, 105, 106, 107, 108, 109, 110, 111, 17161, 117, 118, 119, 17161, 117, 118, 119, 120, 121, 122, 17161, 124, 125, 126, 127, 128, 17161, 130, 131, 132, 133, 134, 135, 136, 17161, 138, 139, 17161, 141, 142, 143, 144, 17161, 146, 147, 148, 149, 150, 17161, 152, 153, 154, 155, 156, 157, 158, 159, 160, 161, 162, 163, 164, 165, 166, 167, 168, 169, 170, 171, 17161, 173, 174, 175, 176, 177, 178, 179, 180, 181, 182, 183, 184, 185, 186, 17161, 188, 189, 17161, 191, 192, 193, 194, 195, 196, 197, 198, 199, 200, 201, 202, 203, 204, 205, 206, 207, 208, 209, 210, 211, 212, 213, 214, 17161, 216, 217, 218, 219, 220, 221, 222, 223, 224, 225, 226, 227, 228, 229
100, 101, 102, 103, 104, 105, 106, 107, 17161, 109, 110, 111, 17161, 115, 116, 117, 118, 17161, 118, 17161, 120, 121, 122, 17161, 130, 17161, 126, 127, 128, 129, 130, 131, 132, 133, 134, 135, 136, 137, 138, 139, 140, 141, 142, 143, 17161, 145, 146, 147, 148, 17161, 17161, 151, 152, 17161, 154, 155, 17161, 157, 158, 17161, 160, 161, 17161, 163, 164, 165, 166, 17161, 168, 169, 170, 171, 172, 173, 174, 175, 176, 177, 178, 17161, 180, 17161, 182, 183, 184, 185, 186, 187, 188, 189, 190, 191, 192, 193, 194, 195, 196, 197, 198, 199, 200, 201, 202, 203, 204, 205, 206, 207, 17161, 209, 210, 211, 212, 213, 214, 17161, 218, 17161, 218, 17161, 220, 221, 222, 223, 224, 225, 226, 227, 228, 17161, 230
101, 102, 103, 104, 105, 17161, 107, 108, 109, 110, 111, 112, 113, 114, 115, 116, 117, 118, 119, 17161, 121, 122, 17161, 130, 129, 128, 127, 128, 129, 17161, 131, 132, 17161, 134, 135, 136, 137, 138, 139, 140, 141, 17161, 143, 144, 145, 146, 147, 148, 149, 150, 17161, 152, 17161, 17161, 155, 17161, 159, 158, 159, 160, 161, 162, 163, 164, 165, 166, 167, 168, 169, 170, 171, 172, 173, 174, 175, 176, 177, 178, 179, 180, 181, 182, 183, 184, 185, 186, 187, 188, 189, 190, 191, 192, 193, 194, 195, 196, 197, 198, 199, 17161, 201, 202, 203, 204, 205, 206, 207, 208, 17161, 210, 211, 212, 213, 17161, 215, 216, 217, 218, 219, 220, 221, 17161, 17161, 224, 17161, 226, 227, 228, 229, 230, 231
102, 103, 104, 105, 17161, 17161, 17161, 17161, 110, 111, 112, 113, 114, 115, 116, 117, 118, 119, 17161, 123, 122, 123, 124, 17161, 17161, 17161, 128, 129, 130, 131, 132, 133, 134, 135, 136, 137, 138, 139, 140, 141, 142, 143, 144, 17161, 146, 147, 148, 149, 150, 151, 152, 153, 154, 155, 156, 157, 158, 159, 160, 161, 17161, 17161, 164, 165, 166, 167, 168, 169, 170, 171, 172, 173, 174, 175, 176, 177, 178, 17161, 180, 181, 182, 183, 184, 185, 186, 187, 188, 189, 190, 17161, 192, 193, 194, 195, 196, 197, 198, 199, 200, 201, 202, 203, 204, 205, 206, 17161, 17161, 209, 210, 211, 212, 213, 214, 215, 216, 217, 218, 219, 220, 221, 222, 223, 224, 17161, 228, 227, 228, 17161, 230, 231, 232
103, 17161, 105, 106, 107, 17161, 113, 112, 111, 112, 17161, 17161, 115, 116, 17161, 17161, 119, 120, 121, 122, 123, 124, 125, 126, 127, 128, 129, 130, 131, 132, 133, 134, 135, 136, 137, 138, 139, 140, 141, 142, 143, 144, 145, 146, 147, 148, 149, 150, 151, 152, 153, 17161, 155, 156, 157, 158, 159, 160, 161, 162, 163, 164, 165, 166, 167, 168, 17161, 170, 17161, 172, 173, 17161, 175, 176, 177, 178, 179, 17161, 181, 182, 183, 184, 185, 17161, 187, 188, 189, 17161, 191, 192, 193, 194, 195, 196, 197, 198, 199, 200, 201, 17161, 203, 204, 17161, 206, 207, 208, 209, 210, 211, 212, 213, 17161, 215, 216, 17161, 218, 219, 220, 221, 222, 17161, 224, 225, 226, 227, 228, 229, 230, 231, 232, 233
104, 105, 17161, 107, 17161, 17161, 112, 113, 17161, 113, 114, 115, 116, 117, 118, 17161, 120, 121, 122, 17161, 124, 17161, 126, 127, 128, 129, 17161, 131, 132, 133, 134, 135, 136, 137, 138, 139, 140, 141, 142, 143, 144, 145, 146, 17161, 148, 149, 150, 151, 152, 153, 154, 155, 156, 157, 158, 17161, 160, 161, 162, 163, 164, 165, 166, 167, 168, 169, 17161, 171, 172, 17161, 174, 17161, 176, 177, 178, 17161, 180, 181, 182, 183, 184, 185, 186, 187, 17161, 189, 190, 191, 192, 193, 194, 195, 196, 197, 198, 199, 200, 17161, 202, 203, 204, 205, 17161, 207, 208, 209, 210, 211, 212, 213, 214, 17161, 216, 217, 218, 219, 220, 221, 222, 223, 224, 17161, 226, 227, 228, 229, 230, 231, 232, 233, 234
105, 106, 107, 108, 109, 110, 111, 112, 113, 114, 115, 17161, 117, 118, 119, 120, 121, 17161, 123, 124, 125, 126, 127, 128, 129, 130, 131, 132, 133, 134, 135, 136, 137, 138, 139, 140, 17161, 142, 143, 144, 145, 146, 147, 148, 149, 150, 151, 152, 17161, 17161, 155, 156, 157, 158, 159, 160, 161, 162, 163, 164, 165, 166, 17161, 168, 169, 170, 171, 172, 173, 174, 175, 176, 177, 178, 179, 180, 181, 182, 183, 184, 185, 186, 187, 188, 189, 190, 191, 192, 193, 194, 195, 196, 197, 198, 17161, 200, 201, 202, 203, 204, 205, 206, 207, 208, 209, 210, 211, 212, 213, 214, 215, 216, 217, 218, 219, 220, 221, 222, 17161, 224, 225, 226, 227, 17161, 229, 230, 231, 232, 233, 234, 235
106, 107, 108, 109, 110, 17161, 112, 113, 114, 17161, 116, 117, 118, 119, 120, 17161, 122, 123, 124, 125, 126, 127, 128, 129, 130, 131, 132, 133, 17161, 135, 136, 137, 138, 139, 140, 141, 142, 143, 144, 145, 146, 147, 148, 149, 150, 151, 17161, 153, 154, 155, 156, 157, 158, 17161, 160, 161, 162, 17161, 164, 17161, 166, 167, 168, 169, 170, 171, 172, 173, 174, 175, 176, 177, 17161, 179, 180, 181, 182, 183, 184, 17161, 186, 187, 188, 189, 190, 191, 192, 193, 194, 195, 196, 197, 198, 199, 200, 201, 202, 203, 204, 205, 17161, 207, 208, 17161, 210, 211, 212, 213, 214, 215, 216, 217, 218, 219, 220, 221, 222, 223, 224, 225, 226, 227, 228, 229, 17161, 231, 232, 233, 234, 235, 236
107, 108, 109, 17161, 111, 17161, 113, 114, 115, 116, 117, 118, 17161, 120, 121, 122, 123, 124, 125, 126, 17161, 128, 129, 130, 131, 132, 133, 134, 135, 17161, 137, 138, 139, 140, 141, 142, 143, 144, 145, 146, 147, 148, 149, 150, 151, 152, 153, 154, 155, 156, 157, 17161, 159, 160, 161, 162, 163, 17161, 165, 166, 167, 168, 169, 170, 171, 172, 17161, 174, 17161, 176, 17161, 178, 179, 180, 181, 182, 183, 184, 185, 186, 187, 17161, 189, 190, 191, 192, 193, 194, 195, 196, 197, 198, 17161, 17161, 201, 202, 203, 204, 205, 206, 207, 208, 209, 210, 211, 212, 213, 214, 17161, 216, 217, 218, 219, 220, 17161, 222, 223, 224, 225, 226, 227, 228, 229, 230, 231, 232, 233, 234, 235, 17161, 237
108, 109, 110, 17161, 112, 113, 17161, 115, 116, 117, 118, 119, 120, 121, 122, 123, 124, 125, 126, 127, 128, 129, 130, 131, 132, 133, 134, 135, 136, 137, 138, 139, 140, 141, 142, 143, 144, 145, 146, 147, 148, 149, 150, 151, 152, 153, 154, 17161, 156, 157, 158, 17161, 160, 161, 162, 163, 164, 17161, 166, 167, 168, 169, 170, 171, 172, 173, 17161, 175, 176, 177, 178, 179, 180, 181, 182, 183, 184, 185, 186, 187, 188, 189, 190, 17161, 192, 193, 194, 195, 196, 197, 198, 199, 200, 201, 202, 203, 204, 205, 206, 207, 208, 209, 210, 211, 212, 213, 214, 215, 17161, 217, 218, 219, 220, 221, 222, 17161, 224, 225, 17161, 227, 228, 229, 230, 17161, 232, 233, 234, 235, 236, 237, 238
109, 110, 111, 112, 113, 114, 115, 116, 17161, 118, 119, 120, 121, 122, 123, 124, 125, 126, 127, 128, 129, 17161, 131, 132, 17161, 134, 135, 136, 137, 138, 139, 140, 141, 142, 143, 144, 145, 146, 147, 148, 149, 150, 151, 152, 153, 154, 155, 156, 157, 158, 159, 17161, 17161, 17161, 163, 164, 17161, 168, 167, 168, 169, 170, 171, 172, 173, 174, 175, 176, 177, 178, 17161, 180, 181, 17161, 183, 184, 185, 186, 187, 17161, 17161, 190, 191, 192, 193, 194, 195, 196, 197, 198, 199, 17161, 201, 202, 17161, 204, 205, 17161, 17161, 208, 209, 210, 211, 17161, 213, 214, 215, 216, 217, 218, 219, 220, 17161, 222, 223, 224, 225, 226, 227, 228, 17161, 230, 231, 232, 233, 234, 235, 236, 237, 238, 239
110, 111, 112, 17161, 114, 115, 17161, 117, 118, 119, 120, 121, 17161, 123, 124, 125, 126, 17161, 128, 129, 130, 131, 132, 133, 134, 135, 136, 17161, 138, 139, 140, 17161, 142, 17161, 144, 145, 146, 147, 148, 149, 150, 151, 152, 153, 154, 155, 156, 157, 158, 159, 160, 161, 162, 163, 164, 165, 166, 167, 17161, 169, 170, 171, 172, 173, 174, 175, 176, 17161, 178, 179, 180, 17161, 182, 183, 184, 185, 186, 17161, 17161, 193, 192, 191, 192, 193, 194, 195, 196, 197, 198, 17161, 200, 17161, 202, 203, 204, 205, 206, 207, 208, 17161, 210, 211, 212, 213, 214, 215, 216, 217, 218, 219, 220, 221, 17161, 17161, 224, 225, 226, 227, 17161, 17161, 232, 231, 232, 233, 234, 235, 236, 237, 238, 17161, 240
111, 17161, 113, 114, 17161, 116, 117, 118, 119, 120, 121, 122, 123, 17161, 125, 126, 127, 128, 129, 130, 131, 132, 133, 134, 135, 136, 137, 138, 139, 140, 141, 142, 143, 144, 145, 146, 147, 17161, 149, 150, 151, 152, 153, 154, 155, 156, 157, 158, 159, 160, 161, 17161, 17161, 164, 165, 166, 167, 168, 169, 17161, 17161, 172, 173, 17161, 175, 176, 177, 178, 179, 180, 181, 182, 17161, 184, 185, 17161, 187, 188, 189, 17161, 193, 192, 193, 194, 195, 196, 197, 198, 199, 200, 201, 202, 203, 204, 205, 206, 207, 208, 209, 17161, 17161, 212, 213, 214, 215, 216, 217, 218, 219, 220, 221, 17161, 17161, 226, 17161, 226, 227, 17161, 231, 232, 233, 232, 233, 17161, 235, 17161, 17161, 238, 239, 240, 241
112, 17161, 17161, 17161, 118, 117, 118, 119, 17161, 121, 122, 123, 124, 125, 17161, 127, 128, 129, 130, 131, 132, 133, 134, 135, 136, 137, 138, 139, 140, 141, 142, 143, 144, 145, 17161, 147, 148, 17161, 150, 151, 152, 153, 154, 155, 156, 157, 158, 159, 160, 161, 162, 163, 164, 165, 166, 167, 168, 169, 170, 171, 172, 173, 174, 175, 176, 177, 178, 179, 180, 17161, 182, 183, 184, 185, 186, 187, 17161, 189, 190, 191, 192, 193, 194, 195, 196, 197, 198, 199, 200, 201, 202, 203, 204, 205, 206, 207, 208, 209, 210, 211, 17161, 17161, 214, 17161, 216, 217, 218, 17161, 220, 221, 222, 223, 224, 225, 17161, 227, 228, 229, 230, 231, 17161, 233, 234, 235, 236, 237, 238, 17161, 240, 17161, 242
113, 114, 115, 116, 117, 118, 17161, 120, 121, 122, 123, 124, 125, 126, 127, 128, 129, 130, 131, 132, 133, 134, 135, 136, 137, 138, 139, 140, 17161, 142, 17161, 144, 145, 146, 147, 148, 17161, 152, 151, 17161, 153, 154, 155, 156, 157, 158, 159, 160, 161, 162, 163, 164, 17161, 166, 167, 168, 169, 170, 171, 172, 173, 17161, 175, 176, 177, 178, 179, 180, 181, 182, 17161, 184, 185, 186, 187, 188, 189, 190, 191, 192, 193, 194, 195, 196, 197, 198, 199, 200, 201, 202, 203, 204, 17161, 206, 207, 208, 209, 210, 211, 212, 213, 214, 215, 17161, 17161, 218, 17161, 222, 221, 222, 223, 224, 225, 226, 227, 17161, 229, 230, 231, 232, 233, 234, 235, 236, 237, 238, 239, 240, 241, 242, 243
114, 115, 116, 17161, 118, 119, 17161, 121, 122, 123, 124, 125, 126, 127, 128, 17161, 130, 131, 132, 133, 134, 135, 136, 137, 138, 139, 140, 141, 142, 143, 17161, 145, 146, 147, 148, 149, 150, 151, 152, 153, 154, 17161, 156, 157, 158, 159, 160, 161, 162, 163, 164, 165, 166, 167, 168, 169, 170, 171, 17161, 173, 174, 175, 17161, 177, 178, 179, 180, 181, 182, 17161, 17161, 185, 17161, 187, 17161, 17161, 190, 191, 192, 193, 194, 195, 196, 197, 198, 199, 17161, 201, 202, 203, 204, 205, 206, 207, 208, 209, 210, 211, 212, 213, 214, 215, 216, 217, 218, 219, 220, 17161, 222, 223, 224, 225, 17161, 227, 228, 229, 17161, 231, 232, 233, 17161, 235, 236, 237, 238, 239, 240, 241, 242, 243, 244
115, 17161, 117, 118, 119, 120, 121, 122, 123, 124, 125, 126, 127, 128, 129, 17161, 17161, 132, 17161, 134, 135, 17161, 137, 138, 139, 140, 141, 142, 143, 144, 145, 17161, 17161, 148, 149, 17161, 17161, 17161, 153, 154, 17161, 17161, 157, 158, 17161, 160, 161, 162, 163, 164, 165, 166, 167, 168, 17161, 170, 171, 17161, 17161, 174, 175, 176, 177, 178, 179, 180, 181, 182, 183, 184, 185, 186, 187, 188, 189, 190, 17161, 192, 193, 194, 195, 196, 197, 198, 199, 200, 17161, 202, 203, 204, 205, 206, 207, 208, 209, 17161, 211, 212, 213, 214, 215, 216, 217, 218, 219, 220, 221, 222, 223, 224, 17161, 226, 227, 228, 229, 230, 231, 232, 17161, 17161, 17161, 17161, 237, 238, 17161, 240, 241, 17161, 243, 244, 245
116, 117, 17161, 119, 120, 121, 122, 123, 17161, 125, 126, 127, 128, 129, 130, 131, 132, 133, 134, 135, 136, 137, 138, 17161, 140, 141, 142, 143, 144, 145, 146, 147, 148, 149, 150, 151, 17161, 155, 154, 17161, 160, 159, 158, 17161, 162, 161, 162, 163, 164, 165, 166, 167, 168, 169, 170, 171, 172, 173, 174, 175, 176, 17161, 178, 179, 180, 181, 182, 183, 17161, 185, 186, 187, 188, 189, 190, 191, 192, 193, 194, 195, 196, 197, 198, 199, 17161, 201, 202, 203, 17161, 205, 206, 207, 208, 209, 17161, 213, 212, 213, 214, 215, 17161, 217, 218, 17161, 220, 17161, 222, 223, 224, 17161, 17161, 227, 228, 17161, 230, 231, 232, 233, 234, 17161, 240, 239, 238, 239, 240, 241, 242, 17161, 244, 245, 246
117, 118, 119, 120, 17161, 17161, 123, 124, 125, 126, 127, 128, 17161, 130, 131, 132, 133, 134, 135, 136, 137, 138, 139, 140, 141, 142, 143, 17161, 145, 146, 147, 148, 17161, 150, 17161, 152, 153, 154, 155, 17161, 17161, 17161, 159, 160, 161, 162, 17161, 164, 165, 166, 167, 168, 169, 170, 171, 172, 173, 174, 175, 176, 17161, 180, 17161, 180, 181, 182, 183, 184, 17161, 17161, 17161, 17161, 189, 17161, 191, 192, 193, 194, 195, 196, 197, 198, 199, 200, 17161, 202, 17161, 204, 205, 206, 207, 208, 209, 210, 211, 212, 213, 214, 215, 216, 217, 218, 17161, 222, 221, 222, 223, 224, 225, 17161, 17161, 17161, 17161, 232, 231, 232, 233, 234, 17161, 238, 239, 240, 239, 240, 241, 242, 243, 17161, 245, 246, 247
118, 119, 120, 121, 17161, 125, 124, 125, 126, 127, 128, 129, 130, 131, 132, 133, 134, 135, 136, 137, 138, 17161, 140, 141, 142, 143, 144, 145, 146, 147, 148, 149, 150, 151, 152, 17161, 154, 155, 156, 17161, 162, 163, 17161, 161, 162, 17161, 17161, 165, 166, 167, 168, 169, 170, 171, 172, 173, 174, 175, 17161, 177, 178, 179, 180, 181, 182, 183, 184, 185, 186, 187, 17161, 191, 17161, 193, 192, 193, 194, 195, 196, 197, 198, 199, 200, 17161, 204, 203, 204, 205, 206, 207, 208, 209, 210, 17161, 212, 213, 17161, 215, 216, 217, 218, 17161, 224, 223, 17161, 223, 224, 225, 226, 227, 228, 229, 230, 231, 232, 233, 234, 235, 236, 237, 238, 239, 240, 241, 242, 243, 244, 17161, 246, 247, 248
119, 120, 121, 122, 17161, 126, 125, 17161, 127, 128, 129, 130, 131, 132, 133, 17161, 135, 136, 17161, 138, 17161, 142, 141, 17161, 143, 144, 145, 146, 147, 148, 149, 150, 151, 152, 153, 154, 155, 156, 157, 17161, 161, 162, 17161, 162, 163, 164, 165, 166, 167, 17161, 169, 170, 171, 172, 173, 174, 175, 176, 17161, 178, 179, 180, 181, 182, 183, 184, 185, 186, 187, 188, 189, 190, 17161, 194, 193, 194, 195, 196, 197, 198, 199, 200, 201, 202, 17161, 204, 205, 206, 207, 17161, 17161, 210, 211, 212, 213, 214, 215, 216, 217, 17161, 219, 17161, 225, 224, 225, 17161, 225, 17161, 227, 228, 229, 230, 17161, 232, 233, 234, 235, 236, 237, 238, 239, 17161, 241, 17161, 17161, 244, 17161, 17161, 247, 248, 249
120, 17161, 122, 123, 124, 125, 126, 127, 128, 129, 130, 131, 17161, 133, 134, 135, 136, 137, 138, 139, 140, 141, 142, 143, 144, 145, 146, 17161, 148, 17161, 150, 151, 152, 153, 154, 155, 156, 157, 158, 159, 160, 161, 17161, 163, 164, 165, 166, 167, 168, 169, 17161, 171, 172, 173, 174, 175, 176, 177, 178, 179, 180, 181, 182, 183, 184, 185, 186, 187, 188, 189, 190, 17161, 194, 195, 194, 195, 196, 197, 198, 199, 17161, 201, 202, 203, 204, 205, 206, 207, 208, 209, 210, 211, 212, 213, 17161, 215, 216, 217, 218, 219, 17161, 17161, 224, 225, 17161, 227, 226, 17161, 228, 229, 17161, 231, 232, 17161, 17161, 235, 236, 237, 238, 239, 240, 241, 242, 243, 244, 245, 246, 247, 248, 249, 250
121, 122, 123, 124, 125, 126, 127, 128, 129, 130, 131, 132, 17161, 134, 135, 136, 137, 138, 139, 140, 141, 142, 143, 144, 145, 17161, 147, 148, 149, 17161, 151, 152, 153, 154, 155, 156, 157, 17161, 159, 160, 161, 162, 163, 164, 165, 166, 167, 168, 169, 170, 171, 172, 173, 174, 175, 176, 177, 178, 179, 180, 181, 182, 183, 184, 185, 186, 187, 188, 189, 190, 191, 192, 193, 194, 195, 196, 197, 198, 199, 17161, 203, 202, 203, 204, 205, 206, 207, 208, 209, 210, 211, 212, 213, 17161, 217, 216, 217, 218, 219, 220, 221, 222, 223, 224, 17161, 228, 227, 228, 229, 230, 231, 232, 233, 234, 235, 236, 237, 238, 239, 240, 241, 242, 243, 244, 17161, 246, 247, 17161, 249, 250, 251
122, 123, 17161, 125, 17161, 127, 128, 17161, 130, 131, 132, 133, 134, 135, 136, 137, 138, 139, 140, 141, 17161, 143, 17161, 145, 146, 17161, 148, 149, 150, 151, 152, 153, 17161, 155, 156, 157, 158, 17161, 160, 161, 162, 163, 164, 165, 166, 167, 17161, 169, 170, 17161, 172, 173, 174, 175, 176, 177, 178, 179, 180, 181, 182, 183, 184, 185, 186, 187, 188, 17161, 190, 191, 192, 193, 194, 195, 196, 197, 198, 17161, 200, 17161, 204, 17161, 204, 205, 17161, 17161, 208, 209, 210, 211, 212, 213, 17161, 217, 17161, 217, 218, 219, 220, 221, 222, 223, 224, 225, 226, 227, 228, 229, 230, 231, 232, 233, 234, 235, 17161, 237, 238, 239, 240, 241, 242, 243, 244, 245, 246, 247, 248, 249, 250, 251, 252
123, 124, 125, 126, 127, 128, 129, 130, 131, 132, 133, 134, 135, 136, 137, 138, 139, 17161, 141, 142, 17161, 144, 145, 17161, 147, 148, 149, 150, 151, 152, 153, 17161, 157, 156, 157, 158, 159, 160, 17161, 162, 163, 17161, 165, 166, 167, 168, 169, 170, 171, 17161, 173, 174, 175, 176, 17161, 178, 179, 180, 181, 182, 183, 184, 17161, 186, 187, 188, 189, 190, 191, 192, 193, 194, 195, 196, 197, 198, 199, 200, 201, 202, 17161, 206, 17161, 206, 207, 208, 17161, 210, 211, 212, 213, 214, 215, 216, 217, 218, 219, 220, 17161, 222, 223, 224, 225, 226, 227, 228, 229, 230, 231, 232, 233, 234, 235, 236, 237, 238, 239, 17161, 241, 242, 17161, 244, 245, 246, 247, 248, 249, 250, 251, 17161, 253
124, 125, 126, 127, 17161, 129, 130, 131, 132, 133, 134, 135, 17161, 137, 138, 139, 140, 141, 142, 17161, 146, 145, 146, 147, 148, 149, 17161, 151, 152, 153, 154, 155, 156, 157, 158, 159, 17161, 17161, 164, 17161, 164, 165, 166, 167, 17161, 169, 170, 17161, 17161, 175, 174, 175, 17161, 177, 178, 179, 180, 181, 182, 183, 184, 185, 186, 187, 188, 189, 190, 191, 192, 193, 194, 195, 196, 197, 198, 199, 200, 201, 17161, 203, 204, 205, 17161, 207, 208, 209, 17161, 17161, 212, 213, 17161, 17161, 17161, 217, 218, 219, 220, 221, 222, 223, 17161, 225, 226, 227, 228, 17161, 17161, 231, 232, 233, 234, 235, 236, 237, 238, 17161, 17161, 245, 17161, 243, 244, 245, 246, 17161, 248, 17161, 250, 251, 252, 253, 254
125, 126, 127, 128, 129, 130, 131, 17161, 133, 134, 135, 136, 137, 17161, 139, 140, 141, 142, 143, 144, 17161, 146, 147, 148, 149, 150, 151, 152, 153, 154, 155, 156, 157, 158, 159, 160, 161, 162, 163, 164, 165, 166, 17161, 168, 169, 170, 171, 172, 173, 174, 175, 176, 177, 17161, 179, 180, 17161, 182, 183, 184, 185, 186, 187, 188, 17161, 190, 191, 192, 193, 194, 195, 196, 197, 198, 199, 200, 201, 202, 203, 204, 205, 206, 207, 208, 209, 17161, 213, 214, 213, 214, 215, 216, 217, 218, 219, 220, 221, 222, 223, 224, 17161, 226, 227, 228, 229, 17161, 233, 232, 233, 17161, 235, 17161, 237, 238, 17161, 242, 243, 244, 245, 244, 245, 246, 247, 17161, 249, 17161, 251, 252, 17161, 254, 255
126, 127, 128, 129, 130, 131, 132, 133, 134, 135, 136, 137, 138, 17161, 17161, 141, 142, 17161, 144, 145, 146, 147, 148, 149, 150, 151, 152, 153, 154, 155, 156, 157, 158, 159, 160, 161, 162, 163, 164, 165, 166, 167, 168, 169, 170, 171, 17161, 173, 174, 17161, 176, 177, 178, 179, 180, 181, 182, 183, 184, 185, 186, 187, 188, 189, 190, 191, 192, 193, 194, 195, 196, 197, 198, 199, 200, 201, 17161, 203, 204, 17161, 206, 17161, 208, 209, 210, 211, 212, 17161, 214, 17161, 17161, 217, 218, 219, 220, 221, 222, 223, 224, 225, 17161, 227, 228, 17161, 230, 231, 232, 233, 234, 235, 236, 237, 17161, 239, 240, 241, 242, 17161, 246, 245, 246, 247, 248, 249, 17161, 17161, 252, 253, 254, 255, 256
127, 128, 129, 130, 131, 132, 133, 134, 135, 136, 17161, 17161, 139, 140, 141, 142, 143, 144, 145, 146, 147, 148, 149, 150, 17161, 152, 17161, 154, 155, 156, 157, 158, 159, 160, 161, 162, 163, 164, 17161, 166, 17161, 168, 169, 170, 171, 172, 173, 174, 175, 176, 177, 178, 179, 180, 181, 17161, 183, 184, 17161, 186, 187, 188, 189, 190, 191, 192, 193, 194, 195, 196, 197, 198, 199, 200, 201, 17161, 205, 204, 17161, 212, 17161, 210, 209, 210, 17161, 212, 213, 17161, 215, 216, 217, 218, 219, 220, 221, 222, 223, 224, 225, 226, 17161, 228, 229, 17161, 231, 232, 233, 234, 235, 236, 17161, 238, 239, 240, 241, 242, 17161, 246, 247, 246, 247, 248, 17161, 250, 251, 252, 253, 17161, 255, 17161, 257
128, 17161, 17161, 131, 17161, 133, 134, 17161, 136, 137, 138, 139, 140, 141, 17161, 17161, 144, 145, 146, 147, 148, 149, 17161, 151, 152, 153, 154, 155, 156, 157, 158, 17161, 160, 161, 17161, 163, 17161, 165, 166, 167, 168, 169, 170, 17161, 172, 173, 174, 175, 176, 177, 178, 179, 180, 181, 182, 183, 184, 185, 186, 187, 188, 189, 190, 191, 192, 193, 194, 195, 196, 197, 198, 199, 200, 201, 17161, 17161, 17161, 17161, 212, 211, 17161, 17161, 210, 17161, 17161, 213, 214, 215, 216, 217, 218, 219, 220, 221, 222, 223, 224, 225, 17161, 227, 228, 229, 230, 231, 232, 17161, 234, 235, 236, 237, 238, 239, 240, 241, 242, 243, 244, 245, 246, 247, 17161, 249, 250, 251, 252, 253, 254, 255, 256, 257, 258
129, 130, 131, 132, 133, 134, 135, 17161, 137, 138, 139, 140, 141, 17161, 145, 146, 145, 146, 147, 148, 17161, 150, 151, 17161, 153, 154, 155, 156, 157, 158, 159, 160, 161, 162, 163, 164, 17161, 166, 167, 168, 169, 170, 171, 172, 173, 174, 175, 176, 17161, 178, 179, 180, 181, 182, 17161, 17161, 17161, 186, 187, 188, 189, 190, 191, 192, 193, 194, 195, 196, 197, 198, 199, 200, 201, 202, 17161, 206, 207, 208, 17161, 210, 17161, 212, 211, 212, 213, 17161, 215, 216, 217, 218, 219, 220, 221, 222, 223, 224, 225, 17161, 17161, 228, 229, 230, 231, 232, 233, 234, 17161, 236, 17161, 238, 239, 240, 17161, 17161, 243, 244, 245, 246, 247, 248, 249, 250, 251, 17161, 253, 254, 255, 256, 17161, 258, 259
130, 131, 132, 133, 134, 135, 136, 137, 138, 139, 140, 141, 142, 143, 144, 145, 146, 147, 148, 149, 150, 151, 152, 153, 154, 155, 156, 157, 158, 159, 160, 161, 162, 163, 164, 165, 166, 167, 168, 169, 170, 171, 172, 173, 174, 175, 176, 177, 178, 179, 180, 181, 182, 183, 184, 185, 186, 187, 188, 189, 190, 191, 192, 193, 194, 195, 196, 197, 198, 199, 200, 201, 202, 203, 204, 205, 206, 207, 208, 209, 210, 211, 212, 213, 214, 215, 216, 217, 218, 219, 220, 221, 222, 223, 224, 225, 226, 227, 228, 229, 230, 231, 232, 233, 234, 235, 236, 237, 238, 239, 240, 241, 242, 243, 244, 245, 246, 247, 248, 249, 250, 251, 252, 253, 254, 255, 256, 257, 258, 259, 260
